49	KCl/Polymer 1.75sg 10degC	1
100	16,6
79,4	14,9
63,1	13,5
50,1	12,3
39,8	11,2
31,6	10,3
25,1	9,46
20	8,73
15,8	8,09
12,6	7,52
10	7,02
7,94	6,57
6,31	6,17
5,01	5,82
3,98	5,5
3,16	5,22
2,51	4,95
2	4,72
1,58	4,51
1,26	4,31
1	4,14

50	KCl/Polymer 1.75sg 20degC	1
100	14,9
79,4	13,5
63,1	12,2
50,1	11,2
39,8	10,2
31,6	9,41
25,1	8,69
20	8,05
15,8	7,49
12,6	6,99
10	6,55
7,94	6,15
6,31	5,8
5,01	5,48
3,98	5,2
3,16	4,94
2,51	4,71
2	4,5
1,58	4,3
1,26	4,12
1	3,95

51	KCl/Polymer 1.75sg 50degC	1
100	11,4
79,4	10,4
63,1	9,58
50,1	8,83
39,8	8,17
31,6	7,59
25,1	7,07
20	6,61
15,8	6,2
12,6	5,84
10	5,5
7,94	5,2
6,31	4,92
5,01	4,67
3,98	4,43
3,16	4,22
2,51	4,01
2	3,82
1,58	3,64
1,26	3,47
1	3,31

52	KCl/Polymer 1.75sg 80degC	1
100	9,27
79,4	8,49
63,1	7,81
50,1	7,2
39,8	6,66
31,6	6,17
25,1	5,74
20	5,33
15,8	4,97
12,6	4,63
10	4,32
7,94	4,03
6,31	3,76
5,01	3,51
3,98	3,28
3,16	3,06
2,51	2,85
2	2,66
1,58	2,49
1,26	2,32
1	2,16

53	KCl/Polymer 1.50sg 10degC	1
100	13,3
79,4	12,2
63,1	11,3
50,1	10,4
39,8	9,69
31,6	9,04
25,1	8,46
20	7,93
15,8	7,46
12,6	7,03
10	6,64
7,94	6,28
6,31	5,96
5,01	5,67
3,98	5,4
3,16	5,15
2,51	4,92
2	4,71
1,58	4,52
1,26	4,33
1	4,16

54	KCl/Polymer 1.50sg 20degC	1
100	12
79,4	11
63,1	10,2
50,1	9,48
39,8	8,83
31,6	8,26
25,1	7,74
20	7,27
15,8	6,86
12,6	6,48
10	6,13
7,94	5,82
6,31	5,54
5,01	5,28
3,98	5,04
3,16	4,82
2,51	4,61
2	4,42
1,58	4,25
1,26	4,08
1	3,92

55	KCl/Polymer 1.50sg 50degC	1
100	9,9
79,4	9,2
63,1	8,58
50,1	8,02
39,8	7,53
31,6	7,09
25,1	6,69
20	6,33
15,8	5,99
12,6	5,69
10	5,41
7,94	5,15
6,31	4,9
5,01	4,68
3,98	4,46
3,16	4,26
2,51	4,06
2	3,88
1,58	3,7
1,26	3,53
1	3,36

56	KCl/Polymer 1.50sg 80degC	1
100	8,73
79,4	8,12
63,1	7,58
50,1	7,09
39,8	6,65
31,6	6,24
25,1	5,85
20	5,5
15,8	5,16
12,6	4,84
10	4,54
7,94	4,26
6,31	3,98
5,01	3,73
3,98	3,48
3,16	3,24
2,51	3,01
2	2,8
1,58	2,6
1,26	2,4
1	2,21

57	KCl/Polymer 1.25sg 10degC	1
100	9,96
79,4	9,2
63,1	8,54
50,1	7,96
39,8	7,44
31,6	6,98
25,1	6,56
20	6,19
15,8	5,86
12,6	5,55
10	5,28
7,94	5,03
6,31	4,79
5,01	4,58
3,98	4,38
3,16	4,2
2,51	4,03
2	3,87
1,58	3,72
1,26	3,58
1	3,45

58	KCl/Polymer 1.25sg 20degC	1
100	9,22
79,4	8,56
63,1	7,97
50,1	7,45
39,8	6,99
31,6	6,58
25,1	6,21
20	5,87
15,8	5,57
12,6	5,3
10	5,04
7,94	4,81
6,31	4,6
5,01	4,4
3,98	4,22
3,16	4,05
2,51	3,89
2	3,74
1,58	3,59
1,26	3,45
1	3,33

59	KCl/Polymer 1.25sg 50degC	1
100	7,81
79,4	7,31
63,1	6,86
50,1	6,46
39,8	6,1
31,6	5,77
25,1	5,47
20	5,2
15,8	4,94
12,6	4,71
10	4,48
7,94	4,27
6,31	4,08
5,01	3,89
3,98	3,7
3,16	3,53
2,51	3,36
2	3,2
1,58	3,04
1,26	2,88
1	2,73

60	KCl/Polymer 1.25sg 80degC	1
100	6,84
79,4	6,39
63,1	5,97
50,1	5,59
39,8	5,24
31,6	4,91
25,1	4,6
20	4,31
15,8	4,04
12,6	3,77
10	3,52
7,94	3,28
6,31	3,05
5,01	2,83
3,98	2,62
3,16	2,42
2,51	2,23
2	2,04
1,58	1,87
1,26	1,7
1	1,55

61	KCl/Polymer unweighted 10degC	1
100	8,58
79,4	7,98
63,1	7,44
50,1	6,97
39,8	6,55
31,6	6,18
25,1	5,84
20	5,54
15,8	5,27
12,6	5,02
10	4,79
7,94	4,58
6,31	4,39
5,01	4,21
3,98	4,05
3,16	3,9
2,51	3,76
2	3,62
1,58	3,49
1,26	3,37
1	3,26

62	KCl/Polymer unweighted 20degC	1
100	8,01
79,4	7,48
63,1	7,01
50,1	6,59
39,8	6,22
31,6	5,88
25,1	5,58
20	5,3
15,8	5,06
12,6	4,83
10	4,62
7,94	4,42
6,31	4,24
5,01	4,08
3,98	3,92
3,16	3,78
2,51	3,64
2	3,51
1,58	3,38
1,26	3,26
1	3,15

63	KCl/Polymer unweighted 50degC	1
100	6,96
79,4	6,55
63,1	6,17
50,1	5,84
39,8	5,53
31,6	5,25
25,1	5
20	4,76
15,8	4,54
12,6	4,33
10	4,13
7,94	3,95
6,31	3,77
5,01	3,6
3,98	3,43
3,16	3,27
2,51	3,12
2	2,96
1,58	2,81
1,26	2,67
1	2,53

64	KCl/Polymer unweighted 80degC	1
100	6
79,4	5,61
63,1	5,26
50,1	4,93
39,8	4,62
31,6	4,33
25,1	4,06
20	3,8
15,8	3,55
12,6	3,3
10	3,08
7,94	2,85
6,31	2,64
5,01	2,44
3,98	2,24
3,16	2,06
2,51	1,88
2	1,72
1,58	1,56
1,26	1,41
1	1,27

65	Xan+25 KCl+25 barite 25%	1
100	22,5
79,4	20,5
63,1	18,7
50,1	17,2
39,8	15,8
31,6	14,6
25,1	13,5
20	12,6
15,8	11,8
12,6	11,1
10	10,4
7,94	9,82
6,31	9,31
5,01	8,84
3,98	8,43
3,16	8,05
2,51	7,71
2	7,41
1,58	7,13
1,26	6,87
1	6,63

66	Xan+25 KCl+25 barite 21%	1
100	19,9
79,4	18,2
63,1	16,7
50,1	15,4
39,8	14,3
31,6	13,2
25,1	12,3
20	11,5
15,8	10,8
12,6	10,2
10	9,61
7,94	9,1
6,31	8,64
5,01	8,22
3,98	7,85
3,16	7,51
2,51	7,2
2	6,92
1,58	6,66
1,26	6,41
1	6,19

67	Xan+25 KCl+25 barite 18%	1
100	17,7
79,4	16,3
63,1	15
50,1	13,9
39,8	12,9
31,6	12,1
25,1	11,3
20	10,6
15,8	9,97
12,6	9,42
10	8,92
7,94	8,47
6,31	8,06
5,01	7,69
3,98	7,35
3,16	7,04
2,51	6,76
2	6,5
1,58	6,26
1,26	6,04
1	5,83

68	Xan+25 KCl+25 barite 15%	1
100	16,1
79,4	14,9
63,1	13,8
50,1	12,8
39,8	12
31,6	11,2
25,1	10,5
20	9,92
15,8	9,37
12,6	8,87
10	8,42
7,94	8,02
6,31	7,64
5,01	7,3
3,98	7
3,16	6,71
2,51	6,44
2	6,2
1,58	5,97
1,26	5,76
1	5,56

69	Xan+25 KCl+25 barite 12%	1
100	14,6
79,4	13,5
63,1	12,5
50,1	11,7
39,8	11
31,6	10,3
25,1	9,72
20	9,19
15,8	8,71
12,6	8,27
10	7,87
7,94	7,51
6,31	7,18
5,01	6,88
3,98	6,6
3,16	6,33
2,51	6,09
2	5,87
1,58	5,66
1,26	5,46
1	5,27

70	Xan+25 KCl+25 barite 9%	1
100	13,4
79,4	12,5
63,1	11,6
50,1	10,9
39,8	10,2
31,6	9,65
25,1	9,12
20	8,65
15,8	8,22
12,6	7,83
10	7,47
7,94	7,15
6,31	6,85
5,01	6,57
3,98	6,31
3,16	6,07
2,51	5,85
2	5,64
1,58	5,44
1,26	5,25
1	5,07

71	Xan+25 KCl+25 barite 6%	1
100	12,4
79,4	11,5
63,1	10,8
50,1	10,2
39,8	9,57
31,6	9,05
25,1	8,58
20	8,16
15,8	7,78
12,6	7,43
10	7,1
7,94	6,81
6,31	6,53
5,01	6,28
3,98	6,05
3,16	5,82
2,51	5,62
2	5,42
1,58	5,24
1,26	5,06
1	4,89

72	Xan+25 KCl+25 barite 3%	1
100	11,4
79,4	10,7
63,1	10
50,1	9,43
39,8	8,92
31,6	8,45
25,1	8,03
20	7,66
15,8	7,31
12,6	7
10	6,71
7,94	6,44
6,31	6,2
5,01	5,97
3,98	5,76
3,16	5,55
2,51	5,36
2	5,19
1,58	5,02
1,26	4,85
1	4,69

73	Xan+25 KCl+25 barite 0%	1
100	10,5
79,4	9,86
63,1	9,28
50,1	8,76
39,8	8,3
31,6	7,89
25,1	7,52
20	7,18
15,8	6,87
12,6	6,59
10	6,33
7,94	6,09
6,31	5,87
5,01	5,67
3,98	5,48
3,16	5,29
2,51	5,12
2	4,96
1,58	4,81
1,26	4,66
1	4,51

74	Xan+25 KCl+0 barite 25%	1
100	22,8
79,4	20,7
63,1	18,9
50,1	17,3
39,8	15,9
31,6	14,7
25,1	13,6
20	12,7
15,8	11,9
12,6	11,1
10	10,4
7,94	9,85
6,31	9,32
5,01	8,85
3,98	8,43
3,16	8,04
2,51	7,7
2	7,39
1,58	7,11
1,26	6,84
1	6,61

75	Xan+25 KCl+0 barite 21%	1
100	20,5
79,4	18,7
63,1	17,2
50,1	15,8
39,8	14,7
31,6	13,6
25,1	12,7
20	11,8
15,8	11,1
12,6	10,4
10	9,84
7,94	9,31
6,31	8,83
5,01	8,4
3,98	8,02
3,16	7,66
2,51	7,34
2	7,05
1,58	6,78
1,26	6,53
1	6,3

76	Xan+25 KCl+0 barite 18%	1
100	18,3
79,4	16,8
63,1	15,6
50,1	14,4
39,8	13,4
31,6	12,5
25,1	11,7
20	11
15,8	10,3
12,6	9,74
10	9,22
7,94	8,75
6,31	8,32
5,01	7,93
3,98	7,58
3,16	7,25
2,51	6,96
2	6,69
1,58	6,44
1,26	6,2
1	5,98

77	Xan+25 KCl+0 barite 15%	1
100	16,3
79,4	15,1
63,1	14
50,1	13
39,8	12,2
31,6	11,4
25,1	10,7
20	10,1
15,8	9,54
12,6	9,04
10	8,58
7,94	8,17
6,31	7,79
5,01	7,45
3,98	7,13
3,16	6,84
2,51	6,57
2	6,33
1,58	6,09
1,26	5,88
1	5,67

78	Xan+25 KCl+0 barite 12%	1
100	15
79,4	13,9
63,1	13
50,1	12,1
39,8	11,3
31,6	10,7
25,1	10,1
20	9,53
15,8	9,04
12,6	8,59
10	8,18
7,94	7,8
6,31	7,46
5,01	7,14
3,98	6,85
3,16	6,58
2,51	6,33
2	6,1
1,58	5,88
1,26	5,67
1	5,48

79	Xan+25 KCl+0 barite 9%	1
100	13,7
79,4	12,8
63,1	11,9
50,1	11,2
39,8	10,5
31,6	9,91
25,1	9,38
20	8,9
15,8	8,46
12,6	8,07
10	7,7
7,94	7,37
6,31	7,06
5,01	6,78
3,98	6,52
3,16	6,27
2,51	6,04
2	5,83
1,58	5,62
1,26	5,43
1	5,25

80	Xan+25 KCl+0 barite 6%	1
100	12,5
79,4	11,7
63,1	10,9
50,1	10,3
39,8	9,71
31,6	9,19
25,1	8,72
20	8,3
15,8	7,91
12,6	7,56
10	7,24
7,94	6,94
6,31	6,66
5,01	6,39
3,98	6,16
3,16	5,93
2,51	5,75
2	5,56
1,58	5,37
1,26	5,19
1	5,03

81	Xan+25 KCl+0 barite 3%	1
100	11,6
79,4	10,9
63,1	10,2
50,1	9,63
39,8	9,11
31,6	8,64
25,1	8,22
20	7,84
15,8	7,5
12,6	7,18
10	6,89
7,94	6,63
6,31	6,38
5,01	6,15
3,98	5,93
3,16	5,73
2,51	5,54
2	5,36
1,58	5,18
1,26	5,02
1	4,86

82	Xan+25 KCl+0 barite 0%	1
100	10,6
79,4	9,92
63,1	9,35
50,1	8,83
39,8	8,37
31,6	7,96
25,1	7,59
20	7,26
15,8	6,95
12,6	6,67
10	6,41
7,94	6,18
6,31	5,95
5,01	5,75
3,98	5,56
3,16	5,38
2,51	5,21
2	5,05
1,58	4,89
1,26	4,74
1	4,6

83	Xan+50 KCl+50 barite 25%	1
100	27,7
79,4	25,5
63,1	23,5
50,1	21,7
39,8	20,1
31,6	18,8
25,1	17,6
20	16,5
15,8	15,5
12,6	14,6
10	13,9
7,94	13,2
6,31	12,5
5,01	12
3,98	11,5
3,16	11
2,51	10,6
2	10,2
1,58	9,82
1,26	9,48
1	9,17

84	Xan+50 KCl+50 barite 21%	1
100	24,5
79,4	22,6
63,1	20,9
50,1	19,4
39,8	18,1
31,6	17
25,1	15,9
20	15
15,8	14,1
12,6	13,4
10	12,7
7,94	12,1
6,31	11,5
5,01	11
3,98	10,6
3,16	10,2
2,51	9,77
2	9,42
1,58	9,09
1,26	8,79
1	8,5

85	Xan+50 KCl+50 barite 18%	1
100	21,5
79,4	19,9
63,1	18,5
50,1	17,3
39,8	16,2
31,6	15,2
25,1	14,3
20	13,5
15,8	12,8
12,6	12,1
10	11,6
7,94	11
6,31	10,5
5,01	10,1
3,98	9,7
3,16	9,33
2,51	8,99
2	8,68
1,58	8,38
1,26	8,1
1	7,85

86	Xan+50 KCl+50 barite 15%	1
100	19,5
79,4	18,1
63,1	16,9
50,1	15,8
39,8	14,8
31,6	14
25,1	13,2
20	12,5
15,8	11,9
12,6	11,3
10	10,8
7,94	10,3
6,31	9,88
5,01	9,48
3,98	9,12
3,16	8,78
2,51	8,47
2	8,18
1,58	7,91
1,26	7,65
1	7,41

87	Xan+50 KCl+50 barite 12%	1
100	18
79,4	16,8
63,1	15,7
50,1	14,8
39,8	13,9
31,6	13,1
25,1	12,4
20	11,8
15,8	11,2
12,6	10,7
10	10,2
7,94	9,81
6,31	9,42
5,01	9,05
3,98	8,72
3,16	8,4
2,51	8,11
2	7,85
1,58	7,59
1,26	7,35
1	7,12

88	Xan+50 KCl+50 barite 9%	1
100	16,6
79,4	15,5
63,1	14,5
50,1	13,7
39,8	12,9
31,6	12,2
25,1	11,6
20	11
15,8	10,5
12,6	10,1
10	9,63
7,94	9,24
6,31	8,89
5,01	8,56
3,98	8,25
3,16	7,96
2,51	7,7
2	7,45
1,58	7,21
1,26	6,99
1	6,77

89	Xan+50 KCl+50 barite 6%	1
100	15,2
79,4	14,3
63,1	13,4
50,1	12,7
39,8	12
31,6	11,4
25,1	10,8
20	10,3
15,8	9,88
12,6	9,47
10	9,09
7,94	8,74
6,31	8,42
5,01	8,12
3,98	7,84
3,16	7,58
2,51	7,33
2	7,11
1,58	6,89
1,26	6,68
1	6,48

90	Xan+50 KCl+50 barite 3%	1
100	14,2
79,4	13,3
63,1	12,5
50,1	11,8
39,8	11,2
31,6	10,7
25,1	10,2
20	9,75
15,8	9,34
12,6	8,97
10	8,63
7,94	8,31
6,31	8,02
5,01	7,75
3,98	7,5
3,16	7,25
2,51	7,03
2	6,82
1,58	6,62
1,26	6,42
1	6,23

91	Xan+50 KCl+50 barite 0%	1
100	12,9
79,4	12,2
63,1	11,5
50,1	10,9
39,8	10,3
31,6	9,86
25,1	9,43
20	9,03
15,8	8,66
12,6	8,28
10	7,98
7,94	7,76
6,31	7,51
5,01	7,27
3,98	7,05
3,16	6,83
2,51	6,63
2	6,44
1,58	6,25
1,26	6,07
1	5,9

92	Xan+50 KCl+0 barite 25%	1
100	28,6
79,4	26,2
63,1	24
50,1	22,1
39,8	20,5
31,6	19
25,1	17,7
20	16,6
15,8	15,5
12,6	14,6
10	13,8
7,94	13,1
6,31	12,4
5,01	11,8
3,98	11,3
3,16	10,8
2,51	10,4
2	9,96
1,58	9,6
1,26	9,26
1	8,95

93	Xan+50 KCl+0 barite 21%	1
100	25,6
79,4	23,6
63,1	21,7
50,1	20,2
39,8	18,8
31,6	17,5
25,1	16,4
20	15,4
15,8	14,5
12,6	13,7
10	12,9
7,94	12,3
6,31	11,7
5,01	11,2
3,98	10,7
3,16	10,2
2,51	9,81
2	9,45
1,58	9,11
1,26	8,79
1	8,49

94	Xan+50 KCl+0 barite 18%	1
100	23
79,4	21,1
63,1	19,8
50,1	18,5
39,8	17,3
31,6	16,2
25,1	15,2
20	14,3
15,8	13,5
12,6	12,8
10	12,2
7,94	11,6
6,31	11,1
5,01	10,6
3,98	10,1
3,16	9,72
2,51	9,35
2	9,01
1,58	8,69
1,26	8,39
1	8,11

95	Xan+50 KCl+0 barite 15%	1
100	20,6
79,4	19,1
63,1	17,8
50,1	16,7
39,8	15,6
31,6	14,7
25,1	13,9
20	13,2
15,8	12,5
12,6	11,9
10	11,3
7,94	10,8
6,31	10,3
5,01	9,9
3,98	9,51
3,16	9,14
2,51	8,81
2	8,5
1,58	8,21
1,26	7,93
1	7,67

96	Xan+50 KCl+0 barite 12%	1
100	18,4
79,4	17,1
63,1	16
50,1	15
39,8	14,1
31,6	13,3
25,1	12,6
20	12
15,8	11,4
12,6	10,9
10	10,4
7,94	9,97
6,31	9,56
5,01	9,19
3,98	8,85
3,16	8,52
2,51	8,23
2	7,95
1,58	7,69
1,26	7,44
1	7,21

97	Xan+50 KCl+0 barite 9%	1
100	17,2
79,4	16,1
63,1	15,1
50,1	14,2
39,8	13,4
31,6	12,6
25,1	12,1
20	11,5
15,8	11
12,6	10,5
10	10,1
7,94	9,66
6,31	9,28
5,01	8,94
3,98	8,62
3,16	8,31
2,51	8,03
2	7,77
1,58	7,52
1,26	7,28
1	7,05

98	Xan+50 KCl+0 barite 6%	1
100	15,6
79,4	14,6
63,1	13,8
50,1	13
39,8	12,3
31,6	11,7
25,1	11,1
20	10,5
15,8	10,2
12,6	9,76
10	9,37
7,94	9,02
6,31	8,69
5,01	8,38
3,98	8,1
3,16	7,83
2,51	7,58
2	7,34
1,58	7,11
1,26	6,89
1	6,69

99	Xan+50 KCl+0 barite 3%	1
100	14,2
79,4	13,4
63,1	12,6
50,1	11,9
39,8	11,3
31,6	10,8
25,1	10,3
20	9,82
15,8	9,41
12,6	9,04
10	8,7
7,94	8,39
6,31	8,09
5,01	7,82
3,98	7,57
3,16	7,33
2,51	7,1
2	6,89
1,58	6,68
1,26	6,47
1	6,28

100	Xan+50 KCl+0 barite 0%	1
100	13,2
79,4	12,4
63,1	11,7
50,1	11,1
39,8	10,6
31,6	10,1
25,1	9,65
20	9,24
15,8	8,88
12,6	8,55
10	8,25
7,94	7,96
6,31	7,7
5,01	7,46
3,98	7,23
3,16	7,01
2,51	6,81
2	6,62
1,58	6,43
1,26	6,25
1	6,07

101	Xan+0 KCl+0 barite 24%	1
100	16
79,4	14,4
63,1	13
50,1	11,8
39,8	10,8
31,6	9,84
25,1	9,04
20	8,34
15,8	7,72
12,6	7,18
10	6,7
7,94	6,28
6,31	5,9
5,01	5,57
3,98	5,27
3,16	5
2,51	4,76
2	4,54
1,58	4,35
1,26	4,17
1	4

102	Xan+0 KCl+0 barite 21%	1
100	14,9
79,4	13,5
63,1	12,2
50,1	11,1
39,8	10,2
31,6	9,37
25,1	8,64
20	8
15,8	7,43
12,6	6,93
10	6,48
7,94	6,09
6,31	5,73
5,01	5,42
3,98	5,14
3,16	4,88
2,51	4,65
2	4,44
1,58	4,25
1,26	4,07
1	3,91

103	Xan+0 KCl+0 barite 19%	1
100	13,8
79,4	12,5
63,1	11,4
50,1	10,4
39,8	9,6
31,6	8,85
25,1	8,19
20	7,61
15,8	7,09
12,6	6,63
10	6,22
7,94	5,86
6,31	5,53
5,01	5,23
3,98	4,97
3,16	4,73
2,51	4,51
2	4,31
1,58	4,12
1,26	3,95
1	3,8

104	Xan+0 KCl+0 barite 17%	1
100	12,7
79,4	11,6
63,1	10,6
50,1	9,73
39,8	8,97
31,6	8,31
25,1	7,72
20	7,19
15,8	6,72
12,6	6,3
10	5,93
7,94	5,6
6,31	5,3
5,01	5,02
3,98	4,78
3,16	4,55
2,51	4,35
2	4,16
1,58	3,99
1,26	3,83
1	3,67

105	Xan+0 KCl+0 barite 15%	1
100	12,3
79,4	11,2
63,1	10,3
50,1	9,51
39,8	8,8
31,6	8,18
25,1	7,62
20	7,12
15,8	6,67
12,6	6,27
10	5,91
7,94	5,59
6,31	5,29
5,01	5,03
3,98	4,78
3,16	4,56
2,51	4,35
2	4,17
1,58	3,99
1,26	3,83
1	3,67

106	Xan+0 KCl+0 barite 13%	1
100	11,5
79,4	10,6
63,1	9,73
50,1	9,01
39,8	8,37
31,6	7,8
25,1	7,29
20	6,83
15,8	6,42
12,6	6,05
10	5,71
7,94	5,41
6,31	5,13
5,01	4,88
3,98	4,65
3,16	4,44
2,51	4,24
2	4,06
1,58	3,89
1,26	3,73
1	3,58

107	Xan+0 KCl+0 barite 11%	1
100	10,8
79,4	9,93
63,1	9,17
50,1	8,51
39,8	7,92
31,6	7,41
25,1	6,94
20	6,52
15,8	6,14
12,6	5,8
10	5,49
7,94	5,21
6,31	4,95
5,01	4,72
3,98	4,5
3,16	4,3
2,51	4,11
2	3,94
1,58	3,78
1,26	3,63
1	3,48

108	Xan+0 KCl+0 barite 9%	1
100	10,2
79,4	9,38
63,1	8,69
50,1	8,08
39,8	7,55
31,6	7,08
25,1	6,65
20	6,27
15,8	5,93
12,6	5,61
10	5,33
7,94	5,07
6,31	4,83
5,01	4,61
3,98	4,41
3,16	4,23
2,51	4,05
2	3,89
1,58	3,74
1,26	3,6
1	3,46

109	Xan+0 KCl+0 barite 7%	1
100	9,5
79,4	8,79
63,1	8,17
50,1	7,62
39,8	7,14
31,6	6,71
25,1	6,32
20	5,97
15,8	5,65
12,6	5,37
10	5,1
7,94	4,87
6,31	4,65
5,01	4,44
3,98	4,26
3,16	4,08
2,51	3,92
2	3,77
1,58	3,62
1,26	3,49
1	3,36

110	Xan+0 KCl+0 barite5%	1
100	9,12
79,4	8,46
63,1	7,89
50,1	7,38
39,8	6,93
31,6	6,52
25,1	6,16
20	5,83
15,8	5,53
12,6	5,26
10	5,01
7,94	4,79
6,31	4,58
5,01	4,38
3,98	4,2
3,16	4,04
2,51	3,88
2	3,73
1,58	3,59
1,26	3,46
1	3,33

111	Xan+0 KCl+0 barite 3%	1
100	8,64
79,4	8,04
63,1	7,51
50,1	7,04
39,8	6,63
31,6	6,25
25,1	5,92
20	5,61
15,8	5,33
12,6	5,08
10	4,85
7,94	4,64
6,31	4,44
5,01	4,26
3,98	4,09
3,16	3,93
2,51	3,78
2	3,64
1,58	3,5
1,26	3,37
1	3,25

112	Xan+0 KCl+0 barite 1%	1
100	8,24
79,4	7,69
63,1	7,19
50,1	6,76
39,8	6,37
31,6	6,02
25,1	5,7
20	5,42
15,8	5,16
12,6	4,92
10	4,7
7,94	4,5
6,31	4,32
5,01	4,14
3,98	3,98
3,16	3,83
2,51	3,69
2	3,55
1,58	3,42
1,26	3,3
1	3,18

113	Xan+0 KCl+0 barite 0%	1
100	8,06
79,4	7,53
63,1	7,05
50,1	6,63
39,8	6,26
31,6	5,92
25,1	5,62
20	5,34
15,8	5,09
12,6	4,86
10	4,65
7,94	4,45
6,31	4,27
5,01	4,1
3,98	3,94
3,16	3,8
2,51	3,65
2	3,52
1,58	3,4
1,26	3,27
1	3,16

114	Xan+0 KCl+25 barite 23%	1
100	18,5
79,4	16,7
63,1	15,1
50,1	13,8
39,8	12,6
31,6	11,6
25,1	10,6
20	9,85
15,8	9,14
12,6	8,51
10	7,95
7,94	7,46
6,31	7,02
5,01	6,63
3,98	6,28
3,16	5,96
2,51	5,68
2	5,43
1,58	5,2
1,26	4,98
1	4,79

115	Xan+0 KCl+25 barite 21%	1
100	16,2
79,4	14,7
63,1	13,4
50,1	12,3
39,8	11,3
31,6	10,4
25,1	9,65
20	8,97
15,8	8,36
12,6	7,81
10	7,33
7,94	6,9
6,31	6,51
5,01	6,16
3,98	5,85
3,16	5,56
2,51	5,3
2	5,07
1,58	4,85
1,26	4,65
1	4,46

116	Xan+0 KCl+25 barite 18%	1
100	14,4
79,4	13,1
63,1	12
50,1	11,1
39,8	10,2
31,6	9,48
25,1	8,81
20	8,22
15,8	7,69
12,6	7,22
10	6,8
7,94	6,41
6,31	6,07
5,01	5,76
3,98	5,48
3,16	5,22
2,51	4,98
2	4,77
1,58	4,56
1,26	4,38
1	4,2

117	Xan+0 KCl+25 barite 15%	1
100	12,6
79,4	11,6
63,1	10,7
50,1	9,9
39,8	9,19
31,6	8,56
25,1	8
20	7,49
15,8	7,04
12,6	6,63
10	6,26
7,94	5,93
6,31	5,63
5,01	5,35
3,98	5,1
3,16	4,87
2,51	4,65
2	4,46
1,58	4,27
1,26	4,1
1	3,94

118	Xan+0 KCl+25 barite 12%	1
100	11,6
79,4	10,7
63,1	9,89
50,1	9,19
39,8	8,58
31,6	8,03
25,1	7,53
20	7,09
15,8	6,68
12,6	6,31
10	5,98
7,94	5,68
6,31	5,4
5,01	5,14
3,98	4,91
3,16	4,69
2,51	4,49
2	4,3
1,58	4,12
1,26	3,96
1	3,8

119	Xan+0 KCl+25 barite 9%	1
100	10,6
79,4	9,84
63,1	9,13
50,1	8,51
39,8	7,96
31,6	7,48
25,1	7,04
20	6,64
15,8	6,29
12,6	5,96
10	5,66
7,94	5,39
6,31	5,13
5,01	4,9
3,98	4,69
3,16	4,49
2,51	4,3
2	4,13
1,58	3,96
1,26	3,8
1	3,65

120	Xan+0 KCl+25 barite 6%	1
100	9,56
79,4	8,87
63,1	8,26
50,1	7,72
39,8	7,25
31,6	6,82
25,1	6,44
20	6,09
15,8	5,78
12,6	5,49
10	5,23
7,94	4,99
6,31	4,77
5,01	4,56
3,98	4,37
3,16	4,19
2,51	4,02
2	3,87
1,58	3,72
1,26	3,57
1	3,44

121	Xan+0 KCl+25 barite 3%	1
100	8,24
79,4	7,69
63,1	7,19
50,1	6,76
39,8	6,37
31,6	6,02
25,1	5,7
20	5,42
15,8	5,16
12,6	4,92
10	4,7
7,94	4,5
6,31	4,32
5,01	4,14
3,98	3,98
3,16	3,83
2,51	3,69
2	3,55
1,58	3,42
1,26	3,3
1	3,18

122	Xan+0 KCl+25 barite 0%	1
100	7,97
79,4	7,44
63,1	6,97
50,1	6,55
39,8	6,17
31,6	5,84
25,1	5,53
20	5,26
15,8	5,01
12,6	4,78
10	4,57
7,94	4,38
6,31	4,2
5,01	4,03
3,98	3,88
3,16	3,73
2,51	3,59
2	3,47
1,58	3,34
1,26	3,22
1	3,1

123	Xan+0 KCl+50 barite 24%	1
100	18,9
79,4	17,1
63,1	15,5
50,1	14,2
39,8	13
31,6	11,9
25,1	11
20	10,2
15,8	9,48
12,6	8,85
10	8,28
7,94	7,79
6,31	7,34
5,01	6,94
3,98	6,59
3,16	6,26
2,51	5,97
2	5,71
1,58	5,47
1,26	5,25
1	5,05

124	Xan+0 KCl+50 barite 21%	1
100	16,6
79,4	15,1
63,1	13,8
50,1	12,6
39,8	11,6
31,6	10,8
25,1	9,97
20	9,27
15,8	8,65
12,6	8,1
10	7,61
7,94	7,17
6,31	6,78
5,01	6,42
3,98	6,1
3,16	5,81
2,51	5,54
2	5,3
1,58	5,08
1,26	4,88
1	4,68

125	Xan+0 KCl+50 barite 18%	1
100	14,8
79,4	13,5
63,1	12,4
50,1	11,4
39,8	10,6
31,6	9,83
25,1	9,15
20	8,54
15,8	8
12,6	7,52
10	7,08
7,94	6,69
6,31	6,33
5,01	6,01
3,98	5,72
3,16	5,45
2,51	5,2
2	4,98
1,58	4,77
1,26	4,58
1	4,39

126	Xan+0 KCl+50 barite 15%	1
100	13,2
79,4	12,1
63,1	11,2
50,1	10,3
39,8	9,61
31,6	8,96
25,1	8,38
20	7,85
15,8	7,38
12,6	6,96
10	6,57
7,94	6,22
6,31	5,91
5,01	5,62
3,98	5,36
3,16	5,11
2,51	4,89
2	4,68
1,58	4,49
1,26	4,3
1	4,13

127	Xan+0 KCl+50 barite 12%	1
100	11,8
79,4	10,9
63,1	10,1
50,1	9,39
39,8	8,77
31,6	8,21
25,1	7,71
20	7,25
15,8	6,84
12,6	6,47
10	6,13
7,94	5,83
6,31	5,54
5,01	5,28
3,98	5,05
3,16	4,83
2,51	4,62
2	4,43
1,58	4,25
1,26	4,08
1	3,92

128	Xan+0 KCl+50 barite 9%	1
100	10,7
79,4	9,85
63,1	9,15
50,1	8,54
39,8	7,99
31,6	7,5
25,1	7,06
20	6,67
15,8	6,31
12,6	5,99
10	5,69
7,94	5,42
6,31	5,16
5,01	4,93
3,98	4,72
3,16	4,52
2,51	4,34
2	4,16
1,58	4
1,26	3,84
1	3,69

129	Xan+0 KCl+50 barite 6%	1
100	9,54
79,4	8,85
63,1	8,25
50,1	7,71
39,8	7,24
31,6	6,82
25,1	6,44
20	6,09
15,8	5,78
12,6	5,5
10	5,24
7,94	5
6,31	4,78
5,01	4,57
3,98	4,38
3,16	4,2
2,51	4,04
2	3,88
1,58	3,74
1,26	3,59
1	3,46

130	Xan+0 KCl+50 barite 3%	1
100	8,83
79,4	8,22
63,1	7,69
50,1	7,21
39,8	6,79
31,6	6,42
25,1	6,08
20	5,77
15,8	5,48
12,6	5,23
10	4,99
7,94	4,77
6,31	4,57
5,01	4,38
3,98	4,21
3,16	4,04
2,51	3,89
2	3,74
1,58	3,61
1,26	3,47
1	3,34

131	Xan+0 KCl+50 barite 0%	1
100	8,02
79,4	7,49
63,1	7,02
50,1	6,59
39,8	6,22
31,6	5,88
25,1	5,58
20	5,3
15,8	5,05
12,6	4,82
10	4,61
7,94	4,42
6,31	4,24
5,01	4,07
3,98	3,92
3,16	3,77
2,51	3,63
2	3,5
1,58	3,38
1,26	3,25
1	3,14

132	WBM 1.25sg 0-45micron 23%vol	1
100	27
79,4	24,6
63,1	22,5
50,1	20,6
39,8	19
31,6	17,6
25,1	16,4
20	15,3
15,8	14,3
12,6	13,4
10	12,7
7,94	12
6,31	11,4
5,01	10,9
3,98	10,5
3,16	10
2,51	9,66
2	9,32
1,58	9,01
1,26	8,72
1	8,44

133	WBM 1.25sg 0-45micron 21%vol	1
100	23,4
79,4	21,3
63,1	19,5
50,1	17,9
39,8	16,5
31,6	15,3
25,1	14,2
20	13,3
15,8	12,4
12,6	11,7
10	11
7,94	10,4
6,31	9,89
5,01	9,42
3,98	9
3,16	8,62
2,51	8,27
2	7,96
1,58	7,68
1,26	7,41
1	7,15

134	WBM 1.25sg 0-45micron 19%vol	1
100	20,5
79,4	18,7
63,1	17,1
50,1	15,8
39,8	14,6
31,6	13,5
25,1	12,5
20	11,7
15,8	11
12,6	10,3
10	9,73
7,94	9,2
6,31	8,73
5,01	8,31
3,98	7,93
3,16	7,59
2,51	7,28
2	6,99
1,58	6,73
1,26	6,48
1	6,25

135	WBM 1.25sg 0-45micron 17%vol	1
100	18
79,4	16,4
63,1	15,1
50,1	13,9
39,8	12,8
31,6	11,9
25,1	11,1
20	10,4
15,8	9,74
12,6	9,17
10	8,65
7,94	8,19
6,31	7,77
5,01	7,4
3,98	7,06
3,16	6,76
2,51	6,48
2	6,22
1,58	5,98
1,26	5,76
1	5,55

136	WBM 1.25sg 0-45micron 15%vol	1
100	16,5
79,4	15,1
63,1	13,9
50,1	12,8
39,8	11,9
31,6	11
25,1	10,3
20	9,6
15,8	9
12,6	8,47
10	7,99
7,94	7,55
6,31	7,16
5,01	6,81
3,98	6,49
3,16	6,19
2,51	5,93
2	5,68
1,58	5,45
1,26	5,24
1	5,03

137	WBM 1.25sg 0-45micron 13%vol	1
100	14,9
79,4	13,6
63,1	12,5
50,1	11,6
39,8	10,7
31,6	10
25,1	9,33
20	8,74
15,8	8,2
12,6	7,72
10	7,29
7,94	6,9
6,31	6,55
5,01	6,23
3,98	5,94
3,16	5,67
2,51	5,42
2	5,2
1,58	4,99
1,26	4,79
1	4,6

138	WBM 1.25sg 0-45micron 11%vol	1
100	13,5
79,4	12,4
63,1	11,4
50,1	10,6
39,8	9,82
31,6	9,15
25,1	8,56
20	8,02
15,8	7,54
12,6	7,11
10	6,72
7,94	6,37
6,31	6,05
5,01	5,76
3,98	5,49
3,16	5,24
2,51	5,02
2	4,81
1,58	4,61
1,26	4,42
1	4,25

139	WBM 1.25sg 0-45micron 9%vol	1
100	12,4
79,4	11,4
63,1	10,5
50,1	9,76
39,8	9,09
31,6	8,49
25,1	7,95
20	7,46
15,8	7,03
12,6	6,63
10	6,28
7,94	5,95
6,31	5,66
5,01	5,39
3,98	5,14
3,16	4,91
2,51	4,7
2	4,51
1,58	4,32
1,26	4,15
1	3,99

140	WBM 1.25sg 0-45micron 7%vol	1
100	11,4
79,4	10,5
63,1	9,72
50,1	9,03
39,8	8,42
31,6	7,88
25,1	7,39
20	6,95
15,8	6,56
12,6	6,2
10	5,87
7,94	5,58
6,31	5,31
5,01	5,06
3,98	4,83
3,16	4,62
2,51	4,42
2	4,24
1,58	4,07
1,26	3,9
1	3,75

141	WBM 1.25sg 0-45micron 5%vol	1
100	10,5
79,4	9,65
63,1	8,94
50,1	8,32
39,8	7,77
31,6	7,28
25,1	6,84
20	6,45
15,8	6,09
12,6	5,77
10	5,48
7,94	5,21
6,31	4,96
5,01	4,74
3,98	4,53
3,16	4,34
2,51	4,16
2	4
1,58	3,84
1,26	3,69
1	3,55

142	WBM 1.25sg 0-45micron 3%vol	1
100	9,8
79,4	9,07
63,1	8,42
50,1	7,85
39,8	7,34
31,6	6,89
25,1	6,49
20	6,12
15,8	5,79
12,6	5,5
10	5,22
7,94	4,98
6,31	4,75
5,01	4,54
3,98	4,35
3,16	4,17
2,51	4
2	3,84
1,58	3,69
1,26	3,55
1	3,42

143	WBM 1.25sg 0-45micron 1%vol	1
100	9,41
79,4	8,72
63,1	8,12
50,1	7,58
39,8	7,11
31,6	6,68
25,1	6,3
20	5,96
15,8	5,65
12,6	5,37
10	5,11
7,94	4,88
6,31	4,66
5,01	4,46
3,98	4,27
3,16	4,1
2,51	3,94
2	3,78
1,58	3,64
1,26	3,5
1	3,37

144	WBM 1.25sg 0-45micron 0%vol	1
100	9,19
79,4	8,53
63,1	7,94
50,1	7,43
39,8	6,97
31,6	6,56
25,1	6,19
20	5,86
15,8	5,56
12,6	5,29
10	5,04
7,94	4,81
6,31	4,6
5,01	4,4
3,98	4,22
3,16	4,05
2,51	3,89
2	3,74
1,58	3,6
1,26	3,46
1	3,34

145	WBM unweighted 0-45micron 0%vol	1
100	8,04
79,4	7,51
63,1	7,03
50,1	6,61
39,8	6,23
31,6	5,9
25,1	5,59
20	5,31
15,8	5,06
12,6	4,83
10	4,62
7,94	4,42
6,31	4,24
5,01	4,07
3,98	3,91
3,16	3,77
2,51	3,62
2	3,49
1,58	3,37
1,26	3,24
1	3,12

146	WBM 1.50sg 0-45micron 23%vol	1
100	33,9
79,4	30,6
63,1	27,8
50,1	25,3
39,8	23,2
31,6	21,3
25,1	19,7
20	18,3
15,8	17,1
12,6	16
10	15
7,94	14,2
6,31	13,4
5,01	12,8
3,98	12,2
3,16	11,7
2,51	11,2
2	10,8
1,58	10,4
1,26	10
1	9,71

147	WBM 1.50sg 0-45micron 21%vol	1
100	30,2
79,4	27,2
63,1	24,7
50,1	22,5
39,8	20,6
31,6	19
25,1	17,5
20	16,3
15,8	15,2
12,6	14,2
10	13,3
7,94	12,6
6,31	11,9
5,01	11,3
3,98	10,8
3,16	10,3
2,51	9,89
2	9,51
1,58	9,16
1,26	8,84
1	8,54

148	WBM 1.50sg 0-45micron 19%vol	1
100	26,9
79,4	24,3
63,1	22,1
50,1	20,1
39,8	18,4
31,6	17
25,1	15,6
20	14,5
15,8	13,5
12,6	12,6
10	11,8
7,94	11,2
6,31	10,6
5,01	10
3,98	9,54
3,16	9,12
2,51	8,73
2	8,39
1,58	8,08
1,26	7,78
1	7,51

149	WBM 1.50sg 0-45micron 17%vol	1
100	24
79,4	21,7
63,1	19,7
50,1	18
39,8	16,4
31,6	15,1
25,1	14
20	12,9
15,8	12
12,6	11,2
10	10,5
7,94	9,93
6,31	9,39
5,01	8,9
3,98	8,47
3,16	8,08
2,51	7,73
2	7,41
1,58	7,12
1,26	6,86
1	6,61

150	WBM 1.50sg 0-45micron 15%vol	1
100	21,4
79,4	19,3
63,1	17,6
50,1	16
39,8	14,7
31,6	13,5
25,1	12,5
20	11,6
15,8	10,8
12,6	10,1
10	9,43
7,94	8,88
6,31	8,38
5,01	7,94
3,98	7,55
3,16	7,19
2,51	6,87
2	6,58
1,58	6,31
1,26	6,07
1	5,84

151	WBM 1.50sg 0-45micron 13%vol	1
100	18,9
79,4	17,1
63,1	15,6
50,1	14,3
39,8	13,1
31,6	12
25,1	11,1
20	10,3
15,8	9,64
12,6	9,01
10	8,46
7,94	7,96
6,31	7,52
5,01	7,13
3,98	6,78
3,16	6,46
2,51	6,17
2	5,91
1,58	5,66
1,26	5,44
1	5,23

152	WBM 1.50sg 0-45micron 11%vol	1
100	17,1
79,4	15,5
63,1	14,1
50,1	12,9
39,8	11,9
31,6	11
25,1	10,2
20	9,43
15,8	8,8
12,6	8,23
10	7,73
7,94	7,29
6,31	6,88
5,01	6,52
3,98	6,2
3,16	5,91
2,51	5,64
2	5,4
1,58	5,18
1,26	4,97
1	4,78

153	WBM 1.50sg 0-45micron 9%vol	1
100	15,7
79,4	14,3
63,1	13,1
50,1	12
39,8	11
31,6	10,2
25,1	9,42
20	8,77
15,8	8,18
12,6	7,66
10	7,2
7,94	6,78
6,31	6,41
5,01	6,07
3,98	5,77
3,16	5,5
2,51	5,25
2	5,02
1,58	4,81
1,26	4,61
1	4,43

154	WBM 1.50sg 0-45micron 7%vol	1
100	14,4
79,4	13,1
63,1	12
50,1	11
39,8	10,1
31,6	9,36
25,1	8,69
20	8,1
15,8	7,57
12,6	7,1
10	6,67
7,94	6,3
6,31	5,96
5,01	5,65
3,98	5,37
3,16	5,12
2,51	4,88
2	4,67
1,58	4,48
1,26	4,3
1	4,13

155	WBM 1.50sg 0-45micron 5%vol	1
100	13,2
79,4	12
63,1	11
50,1	10,2
39,8	9,38
31,6	8,7
25,1	8,09
20	7,55
15,8	7,07
12,6	6,64
10	6,25
7,94	5,91
6,31	5,6
5,01	5,31
3,98	5,06
3,16	4,82
2,51	4,61
2	4,41
1,58	4,23
1,26	4,06
1	3,9

156	WBM 1.50sg 0-45micron 3%vol	1
100	12,2
79,4	11,1
63,1	10,2
50,1	9,43
39,8	8,73
31,6	8,11
25,1	7,56
20	7,07
15,8	6,63
12,6	6,24
10	5,89
7,94	5,57
6,31	5,28
5,01	5,02
3,98	4,79
3,16	4,57
2,51	4,37
2	4,19
1,58	4,02
1,26	3,86
1	3,71

157	WBM 1.50sg 0-45micron 1%vol	1
100	11,3
79,4	10,3
63,1	9,51
50,1	8,79
39,8	8,16
31,6	7,6
25,1	7,1
20	6,65
15,8	6,25
12,6	5,89
10	5,57
7,94	5,28
6,31	5,01
5,01	4,77
3,98	4,55
3,16	4,35
2,51	4,17
2	4
1,58	3,84
1,26	3,69
1	3,54

158	WBM 1.50sg 0-45micron 0%vol	1
100	11
79,4	10,1
63,1	9,31
50,1	8,63
39,8	8,02
31,6	7,48
25,1	7
20	6,57
15,8	6,18
12,6	5,84
10	5,52
7,94	5,24
6,31	4,98
5,01	4,75
3,98	4,53
3,16	4,33
2,51	4,15
2	3,98
1,58	3,83
1,26	3,68
1	3,54

159	WBM unw 0-45micron 0%vol	1
100	7,97
79,4	7,44
63,1	6,96
50,1	6,54
39,8	6,17
31,6	5,83
25,1	5,53
20	5,25
15,8	5
12,6	4,77
10	4,56
7,94	4,37
6,31	4,19
5,01	4,02
3,98	3,87
3,16	3,72
2,51	3,58
2	3,45
1,58	3,32
1,26	3,2
1	3,09

160	WBM 1.75sg 0-45micron 23%vol	1
100	67,2
79,4	60,6
63,1	54,9
50,1	50
39,8	45,7
31,6	41,9
25,1	38,6
20	35,6
15,8	33
12,6	30,8
10	28,8
7,94	27
6,31	25,4
5,01	24,1
3,98	22,9
3,16	21,8
2,51	20,8
2	20
1,58	19,2
1,26	18,6
1	17,9

161	WBM 1.75sg 0-45micron 21%vol	1
100	57,3
79,4	51,8
63,1	47
50,1	42,9
39,8	39,2
31,6	36,1
25,1	33,3
20	30,8
15,8	28,6
12,6	26,7
10	25
7,94	23,5
6,31	22,1
5,01	20,9
3,98	19,9
3,16	18,9
2,51	18,1
2	17,3
1,58	16,6
1,26	16
1	15,4

162	WBM 1.75sg 0-45micron 19%vol	1
100	48,9
79,4	44,3
63,1	40,2
50,1	36,7
39,8	33,6
31,6	31
25,1	28,6
20	26,5
15,8	24,7
12,6	23
10	21,6
7,94	20,3
6,31	19,2
5,01	18,1
3,98	17,2
3,16	16,4
2,51	15,7
2	15
1,58	14,4
1,26	13,8
1	13,3

163	WBM 1.75sg 0-45micron 17%vol	1
100	42,7
79,4	38,7
63,1	35,2
50,1	32,1
39,8	29,5
31,6	27,1
25,1	25,1
20	23,2
15,8	21,6
12,6	20,2
10	19
7,94	17,9
6,31	16,9
5,01	16
3,98	15,2
3,16	14,5
2,51	13,8
2	13,3
1,58	12,7
1,26	12,2
1	11,7

164	WBM 1.75sg 0-45micron 15%vol	1
100	37,9
79,4	34,4
63,1	31,3
50,1	28,6
39,8	26,2
31,6	24,2
25,1	22,3
20	20,7
15,8	19,3
12,6	18,1
10	17
7,94	16
6,31	15,1
5,01	14,3
3,98	13,6
3,16	13
2,51	12,4
2	11,9
1,58	11,4
1,26	11
1	10,5

165	WBM 1.75sg 0-45micron 13%vol	1
100	33,5
79,4	30,4
63,1	27,7
50,1	25,3
39,8	23,3
31,6	21,5
25,1	19,8
20	18,4
15,8	17,2
12,6	16,1
10	15,1
7,94	14,2
6,31	13,5
5,01	12,8
3,98	12,2
3,16	11,6
2,51	11,1
2	10,6
1,58	10,2
1,26	9,76
1	9,37

166	WBM 1.75sg 0-45micron 11%vol	1
100	29,7
79,4	27
63,1	24,6
50,1	22,5
39,8	20,7
31,6	19,1
25,1	17,7
20	16,4
15,8	15,3
12,6	14,4
10	13,5
7,94	12,7
6,31	12,1
5,01	11,4
3,98	10,9
3,16	10,4
2,51	9,92
2	9,5
1,58	9,11
1,26	8,74
1	8,4

167	WBM 1.75sg 0-45micron 9%vol	1
100	26,5
79,4	24,1
63,1	22
50,1	20,2
39,8	18,6
31,6	17,2
25,1	15,9
20	14,8
15,8	13,8
12,6	13
10	12,2
7,94	11,5
6,31	10,9
5,01	10,3
3,98	9,85
3,16	9,4
2,51	8,98
2	8,61
1,58	8,25
1,26	7,93
1	7,62

168	WBM 1.75sg 0-45micron 7%vol	1
100	24,3
79,4	22,1
63,1	20,2
50,1	18,6
39,8	17,1
31,6	15,8
25,1	14,7
20	13,7
15,8	12,8
12,6	12
10	11,3
7,94	10,7
6,31	10,1
5,01	9,6
3,98	9,14
3,16	8,72
2,51	8,34
2	7,99
1,58	7,66
1,26	7,35
1	7,06

169	WBM 1.75sg 0-45micron 5%vol	1
100	22
79,4	20,1
63,1	18,4
50,1	16,9
39,8	15,6
31,6	14,5
25,1	13,5
20	12,6
15,8	11,8
12,6	11,1
10	10,4
7,94	9,85
6,31	9,34
5,01	8,88
3,98	8,46
3,16	8,08
2,51	7,73
2	7,41
1,58	7,11
1,26	6,83
1	6,57

170	WBM 1.75sg 0-45micron 3%vol	1
100	20,1
79,4	18,4
63,1	16,9
50,1	15,5
39,8	14,4
31,6	13,3
25,1	12,4
20	11,6
15,8	10,9
12,6	10,2
10	9,67
7,94	9,15
6,31	8,69
5,01	8,27
3,98	7,89
3,16	7,54
2,51	7,22
2	6,93
1,58	6,65
1,26	6,39
1	6,15

171	WBM 1.75sg 0-45micron 1%vol	1
100	18,4
79,4	16,9
63,1	15,5
50,1	14,3
39,8	13,2
31,6	12,3
25,1	11,5
20	10,8
15,8	10,1
12,6	9,54
10	9,03
7,94	8,56
6,31	8,14
5,01	7,76
3,98	7,41
3,16	7,09
2,51	6,8
2	6,53
1,58	6,28
1,26	6,04
1	5,82

172	WBM 1.75sg 0-45micron 0%vol	1
100	17,9
79,4	16,4
63,1	15,1
50,1	13,9
39,8	12,9
31,6	12
25,1	11,3
20	10,6
15,8	9,94
12,6	9,38
10	8,88
7,94	8,44
6,31	8,03
5,01	7,66
3,98	7,33
3,16	7,02
2,51	6,73
2	6,47
1,58	6,23
1,26	6
1	5,78

173	WBM unweighted 0-45micron 0%vol	1
100	7,98
79,4	7,44
63,1	6,97
50,1	6,55
39,8	6,17
31,6	5,83
25,1	5,53
20	5,25
15,8	5
12,6	4,77
10	4,55
7,94	4,36
6,31	4,18
5,01	4,01
3,98	3,85
3,16	3,7
2,51	3,56
2	3,43
1,58	3,3
1,26	3,17
1	3,06

174	WBM unweighted 0-45micron 23%vol	1
100	21,5
79,4	19,8
63,1	18,3
50,1	16,9
39,8	15,8
31,6	14,7
25,1	13,9
20	13,1
15,8	12,4
12,6	11,8
10	11,2
7,94	10,7
6,31	10,3
5,01	9,93
3,98	9,59
3,16	9,29
2,51	9,01
2	8,76
1,58	8,52
1,26	8,29
1	8,07

175	WBM unweighted 0-45micron 21%vol	1
100	18,8
79,4	17,3
63,1	16
50,1	14,8
39,8	13,8
31,6	12,9
25,1	12,1
20	11,4
15,8	10,8
12,6	10,3
10	9,8
7,94	9,37
6,31	8,97
5,01	8,62
3,98	8,31
3,16	8,02
2,51	7,76
2	7,52
1,58	7,31
1,26	7,09
1	6,89

176	WBM unweighted 0-45micron 19%vol	1
100	16,5
79,4	15,2
63,1	14,1
50,1	13,1
39,8	12,2
31,6	11,4
25,1	10,8
20	10,1
15,8	9,59
12,6	9,1
10	8,66
7,94	8,27
6,31	7,91
5,01	7,59
3,98	7,3
3,16	7,03
2,51	6,78
2	6,56
1,58	6,34
1,26	6,14
1	5,95

177	WBM unweighted 0-45micron 17%vol	1
100	14,7
79,4	13,5
63,1	12,6
50,1	11,7
39,8	10,9
31,6	10,2
25,1	9,62
20	9,07
15,8	8,58
12,6	8,14
10	7,75
7,94	7,39
6,31	7,07
5,01	6,77
3,98	6,51
3,16	6,26
2,51	6,03
2	5,82
1,58	5,62
1,26	5,43
1	5,25

178	WBM unweighted 0-45micron 15%vol	1
100	13,2
79,4	12,2
63,1	11,3
50,1	10,6
39,8	9,88
31,6	9,27
25,1	8,73
20	8,24
15,8	7,8
12,6	7,4
10	7,05
7,94	6,72
6,31	6,43
5,01	6,15
3,98	5,91
3,16	5,68
2,51	5,46
2	5,27
1,58	5,08
1,26	4,9
1	4,73

179	WBM unweighted 0-45micron 13%vol	1
100	11,9
79,4	11
63,1	10,3
50,1	9,58
39,8	8,97
31,6	8,43
25,1	7,95
20	7,51
15,8	7,11
12,6	6,75
10	6,43
7,94	6,13
6,31	5,86
5,01	5,61
3,98	5,38
3,16	5,17
2,51	4,97
2	4,79
1,58	4,62
1,26	4,45
1	4,29

180	WBM unweighted 0-45micron 11%vol	1
100	11
79,4	10,2
63,1	9,49
50,1	8,86
39,8	8,3
31,6	7,8
25,1	7,36
20	6,96
15,8	6,59
12,6	6,26
10	5,96
7,94	5,69
6,31	5,44
5,01	5,2
3,98	4,99
3,16	4,79
2,51	4,6
2	4,43
1,58	4,27
1,26	4,11
1	3,96

181	WBM unweighted 0-45micron 9%vol	1
100	10,2
79,4	9,45
63,1	8,8
50,1	8,23
39,8	7,72
31,6	7,27
25,1	6,86
20	6,49
15,8	6,15
12,6	5,85
10	5,57
7,94	5,31
6,31	5,08
5,01	4,86
3,98	4,67
3,16	4,48
2,51	4,3
2	4,14
1,58	3,99
1,26	3,84
1	3,7

182	WBM unweighted 0-45micron 7%vol	1
100	9,53
79,4	8,85
63,1	8,26
50,1	7,73
39,8	7,26
31,6	6,84
25,1	6,46
20	6,12
15,8	5,8
12,6	5,52
10	5,26
7,94	5,03
6,31	4,81
5,01	4,6
3,98	4,42
3,16	4,24
2,51	4,08
2	3,92
1,58	3,78
1,26	3,64
1	3,5

183	WBM unweighted 0-45micron 5%vol	1
100	8,98
79,4	8,35
63,1	7,8
50,1	7,31
39,8	6,87
31,6	6,48
25,1	6,13
20	5,81
15,8	5,52
12,6	5,26
10	5,02
7,94	4,79
6,31	4,59
5,01	4,4
3,98	4,22
3,16	4,06
2,51	3,9
2	3,76
1,58	3,62
1,26	3,48
1	3,36

184	WBM unweighted 0-45micron 3%vol	1
100	8,55
79,4	7,97
63,1	7,45
50,1	7
39,8	6,59
31,6	6,22
25,1	5,89
20	5,6
15,8	5,32
12,6	5,08
10	4,85
7,94	4,64
6,31	4,44
5,01	4,27
3,98	4,1
3,16	3,94
2,51	3,79
2	3,65
1,58	3,52
1,26	3,39
1	3,27

185	WBM unweighted 0-45micron 1%vol	1
100	8,16
79,4	7,62
63,1	7,14
50,1	6,71
39,8	6,33
31,6	5,98
25,1	5,67
20	5,39
15,8	5,14
12,6	4,9
10	4,69
7,94	4,49
6,31	4,31
5,01	4,14
3,98	3,98
3,16	3,83
2,51	3,69
2	3,55
1,58	3,42
1,26	3,3
1	3,18

186	WBM unweighted 0-45micron 0%vol	1
100	7,99
79,4	7,46
63,1	6,99
50,1	6,58
39,8	6,21
31,6	5,87
25,1	5,57
20	5,3
15,8	5,05
12,6	4,82
10	4,61
7,94	4,42
6,31	4,24
5,01	4,08
3,98	3,92
3,16	3,78
2,51	3,64
2	3,51
1,58	3,38
1,26	3,26
1	3,15

187	WBM 1.25sg 45-64micron 23%vol	1
100	21,8
79,4	19,8
63,1	18,1
50,1	16,5
39,8	15,2
31,6	14
25,1	13
20	12
15,8	11,2
12,6	10,5
10	9,81
7,94	9,21
6,31	8,67
5,01	8,19
3,98	7,75
3,16	7,34
2,51	6,97
2	6,63
1,58	6,31
1,26	6,02
1	5,74

188	WBM 1.25sg 45-64micron 21%vol	1
100	19,7
79,4	18
63,1	16,4
50,1	15,1
39,8	13,9
31,6	12,8
25,1	11,9
20	11
15,8	10,3
12,6	9,64
10	9,04
7,94	8,51
6,31	8,02
5,01	7,58
3,98	7,19
3,16	6,82
2,51	6,48
2	6,18
1,58	5,89
1,26	5,62
1	5,37

189	WBM 1.25sg 45-64micron 19%vol	1
100	17,8
79,4	16,2
63,1	14,8
50,1	13,7
39,8	12,6
31,6	11,7
25,1	10,8
20	10,1
15,8	9,44
12,6	8,85
10	8,31
7,94	7,84
6,31	7,4
5,01	7,01
3,98	6,65
3,16	6,32
2,51	6,02
2	5,74
1,58	5,48
1,26	5,24
1	5,01

190	WBM 1.25sg 45-64micron 17%vol	1
100	16,3
79,4	14,9
63,1	13,6
50,1	12,6
39,8	11,6
31,6	10,8
25,1	10
20	9,37
15,8	8,77
12,6	8,24
10	7,76
7,94	7,32
6,31	6,93
5,01	6,57
3,98	6,24
3,16	5,94
2,51	5,66
2	5,41
1,58	5,17
1,26	4,94
1	4,73

191	WBM 1.25sg 45-64micron 15%vol	1
100	14,9
79,4	13,7
63,1	12,6
50,1	11,6
39,8	10,7
31,6	9,99
25,1	9,32
20	8,72
15,8	8,18
12,6	7,7
10	7,26
7,94	6,86
6,31	6,5
5,01	6,17
3,98	5,88
3,16	5,6
2,51	5,34
2	5,11
1,58	4,89
1,26	4,68
1	4,48

192	WBM 1.25sg 45-64micron 13%vol	1
100	13,6
79,4	12,5
63,1	11,5
50,1	10,7
39,8	9,89
31,6	9,22
25,1	8,62
20	8,08
15,8	7,6
12,6	7,16
10	6,76
7,94	6,41
6,31	6,08
5,01	5,78
3,98	5,51
3,16	5,25
2,51	5,02
2	4,8
1,58	4,6
1,26	4,41
1	4,23

193	WBM 1.25sg 45-64micron 11%vol	1
100	12,6
79,4	11,6
63,1	10,7
50,1	9,93
39,8	9,24
31,6	8,63
25,1	8,09
20	7,59
15,8	7,15
12,6	6,75
10	6,39
7,94	6,06
6,31	5,76
5,01	5,48
3,98	5,23
3,16	5
2,51	4,78
2	4,58
1,58	4,39
1,26	4,21
1	4,04

194	WBM 1.25sg 45-64micron 9%vol	1
100	11,7
79,4	10,8
63,1	9,99
50,1	9,29
39,8	8,66
31,6	8,11
25,1	7,61
20	7,16
15,8	6,75
12,6	6,39
10	6,05
7,94	5,75
6,31	5,47
5,01	5,22
3,98	4,98
3,16	4,76
2,51	4,56
2	4,37
1,58	4,2
1,26	4,03
1	3,87

195	WBM 1.25sg 45-64micron 7%vol	1
100	10,9
79,4	10,1
63,1	9,37
50,1	8,73
39,8	8,16
31,6	7,66
25,1	7,2
20	6,79
15,8	6,41
12,6	6,07
10	5,77
7,94	5,48
6,31	5,23
5,01	4,99
3,98	4,77
3,16	4,56
2,51	4,38
2	4,2
1,58	4,03
1,26	3,87
1	3,73

196	WBM 1.25sg 45-64micron 5%vol	1
100	10,3
79,4	9,54
63,1	8,86
50,1	8,27
39,8	7,75
31,6	7,28
25,1	6,86
20	6,47
15,8	6,13
12,6	5,82
10	5,53
7,94	5,27
6,31	5,03
5,01	4,8
3,98	4,6
3,16	4,41
2,51	4,23
2	4,06
1,58	3,91
1,26	3,75
1	3,61

197	WBM 1.25sg 45-64micron 3%vol	1
100	9,83
79,4	9,1
63,1	8,47
50,1	7,91
39,8	7,41
31,6	6,97
25,1	6,57
20	6,21
15,8	5,89
12,6	5,59
10	5,32
7,94	5,08
6,31	4,85
5,01	4,64
3,98	4,45
3,16	4,26
2,51	4,09
2	3,93
1,58	3,78
1,26	3,64
1	3,5

198	WBM 1.25sg 45-64micron 1%vol	1
100	9,4
79,4	8,72
63,1	8,12
50,1	7,59
39,8	7,12
31,6	6,71
25,1	6,33
20	5,99
15,8	5,68
12,6	5,4
10	5,15
7,94	4,91
6,31	4,7
5,01	4,5
3,98	4,31
3,16	4,14
2,51	3,97
2	3,82
1,58	3,68
1,26	3,54
1	3,41

199	WBM 1.25sg 45-64micron 0%vol	1
100	9,22
79,4	8,57
63,1	7,99
50,1	7,48
39,8	7,02
31,6	6,62
25,1	6,25
20	5,92
15,8	5,62
12,6	5,35
10	5,1
7,94	4,87
6,31	4,65
5,01	4,46
3,98	4,28
3,16	4,11
2,51	3,95
2	3,8
1,58	3,65
1,26	3,52
1	3,39

200	WBM 1.25sg 45-64micron 0%vol	1
100	8,01
79,4	7,48
63,1	7,01
50,1	6,59
39,8	6,21
31,6	5,88
25,1	5,57
20	5,3
15,8	5,05
12,6	4,82
10	4,61
7,94	4,41
6,31	4,23
5,01	4,07
3,98	3,91
3,16	3,77
2,51	3,63
2	3,5
1,58	3,37
1,26	3,25
1	3,14

201	WBM 1.50sg 45-64micron 23%vol	1
100	27,3
79,4	24,5
63,1	22,2
50,1	20,2
39,8	18,4
31,6	16,8
25,1	15,4
20	14,2
15,8	13,1
12,6	12,2
10	11,3
7,94	10,6
6,31	9,91
5,01	9,31
3,98	8,76
3,16	8,27
2,51	7,82
2	7,41
1,58	7,03
1,26	6,68
1	6,35

202	WBM 1.50sg 45-64micron 21%vol	1
100	24,4
79,4	22
63,1	19,9
50,1	18,1
39,8	16,5
31,6	15,1
25,1	13,9
20	12,8
15,8	11,9
12,6	11
10	10,3
7,94	9,62
6,31	9,03
5,01	8,49
3,98	8,01
3,16	7,58
2,51	7,18
2	6,82
1,58	6,49
1,26	6,18
1	5,89

203	WBM 1.50sg 45-64micron 19%vol	1
100	22,2
79,4	20
63,1	18,2
50,1	16,5
39,8	15,1
31,6	13,9
25,1	12,8
20	11,8
15,8	10,9
12,6	10,2
10	9,51
7,94	8,91
6,31	8,37
5,01	7,88
3,98	7,45
3,16	7,06
2,51	6,7
2	6,37
1,58	6,07
1,26	5,79
1	5,53

204	WBM 1.50sg 45-64micron 17%vol	1
100	20,3
79,4	18,4
63,1	16,7
50,1	15,2
39,8	13,9
31,6	12,8
25,1	11,8
20	10,9
15,8	10,2
12,6	9,47
10	8,85
7,94	8,31
6,31	7,81
5,01	7,37
3,98	6,98
3,16	6,61
2,51	6,29
2	5,99
1,58	5,71
1,26	5,45
1	5,22

205	WBM 1.50sg 45-64micron 15%vol	1
100	18,6
79,4	16,8
63,1	15,3
50,1	14
39,8	12,8
31,6	11,8
25,1	10,9
20	10,1
15,8	9,42
12,6	8,79
10	8,23
7,94	7,74
6,31	7,29
5,01	6,89
3,98	6,52
3,16	6,19
2,51	5,89
2	5,62
1,58	5,36
1,26	5,13
1	4,91

206	WBM 1.50sg 45-64micron 13%vol	1
100	17,3
79,4	15,7
63,1	14,3
50,1	13,1
39,8	12
31,6	11,1
25,1	10,3
20	9,54
15,8	8,89
12,6	8,31
10	7,8
7,94	7,33
6,31	6,92
5,01	6,54
3,98	6,2
3,16	5,89
2,51	5,61
2	5,36
1,58	5,12
1,26	4,9
1	4,69

207	WBM 1.50sg 45-64micron 11%vol	1
100	16,1
79,4	14,6
63,1	13,3
50,1	12,2
39,8	11,2
31,6	10,4
25,1	9,62
20	8,94
15,8	8,35
12,6	7,82
10	7,34
7,94	6,91
6,31	6,53
5,01	6,18
3,98	5,87
3,16	5,58
2,51	5,32
2	5,08
1,58	4,86
1,26	4,66
1	4,46

208	WBM 1.50sg 45-64micron 9%vol	1
100	15,2
79,4	13,8
63,1	12,6
50,1	11,6
39,8	10,7
31,6	9,89
25,1	9,19
20	8,56
15,8	8
12,6	7,5
10	7,05
7,94	6,65
6,31	6,29
5,01	5,96
3,98	5,66
3,16	5,39
2,51	5,14
2	4,91
1,58	4,7
1,26	4,51
1	4,32

209	WBM 1.50sg 45-64micron 7%vol	1
100	14
79,4	12,8
63,1	11,7
50,1	10,8
39,8	9,98
31,6	9,25
25,1	8,6
20	8,03
15,8	7,52
12,6	7,06
10	6,65
7,94	6,28
6,31	5,95
5,01	5,64
3,98	5,37
3,16	5,12
2,51	4,89
2	4,68
1,58	4,48
1,26	4,29
1	4,12

210	WBM 1.50sg 45-64micron 5%vol	1
100	13
79,4	11,9
63,1	11
50,1	10,1
39,8	9,36
31,6	8,7
25,1	8,11
20	7,58
15,8	7,11
12,6	6,69
10	6,31
7,94	5,97
6,31	5,66
5,01	5,38
3,98	5,12
3,16	4,88
2,51	4,67
2	4,47
1,58	4,29
1,26	4,12
1	3,96

211	WBM 1.50sg 45-64micron 3%vol	1
100	12,2
79,4	11,2
63,1	10,3
50,1	9,55
39,8	8,86
31,6	8,25
25,1	7,71
20	7,22
15,8	6,78
12,6	6,39
10	6,04
7,94	5,72
6,31	5,43
5,01	5,17
3,98	4,93
3,16	4,71
2,51	4,5
2	4,32
1,58	4,14
1,26	3,98
1	3,82

212	WBM 1.50sg 45-64micron 1%vol	1
100	11,7
79,4	10,7
63,1	9,86
50,1	9,13
39,8	8,49
31,6	7,92
25,1	7,41
20	6,95
15,8	6,54
12,6	6,17
10	5,83
7,94	5,53
6,31	5,26
5,01	5,01
3,98	4,78
3,16	4,57
2,51	4,37
2	4,2
1,58	4,03
1,26	3,87
1	3,72

213	WBM 1.50sg 45-64micron 0%vol	1
100	11,6
79,4	10,7
63,1	9,86
50,1	9,15
39,8	8,52
31,6	7,95
25,1	7,45
20	6,99
15,8	6,59
12,6	6,22
10	5,89
7,94	5,58
6,31	5,31
5,01	5,06
3,98	4,83
3,16	4,62
2,51	4,42
2	4,24
1,58	4,07
1,26	3,91
1	3,76

214	WBM unweighted 45-64micron 0%vol	1
100	8,06
79,4	7,52
63,1	7,04
50,1	6,62
39,8	6,24
31,6	5,91
25,1	5,6
20	5,32
15,8	5,07
12,6	4,84
10	4,63
7,94	4,44
6,31	4,26
5,01	4,09
3,98	3,93
3,16	3,79
2,51	3,65
2	3,52
1,58	3,39
1,26	3,27
1	3,16

215	WBM 1.75sg 45-64micron 23%vol	1
100	38,5
79,4	34,3
63,1	30,7
50,1	27,6
39,8	24,9
31,6	22,5
25,1	20,5
20	18,7
15,8	17,1
12,6	15,8
10	14,5
7,94	13,5
6,31	12,5
5,01	11,7
3,98	10,9
3,16	10,2
2,51	9,6
2	9,04
1,58	8,53
1,26	8,06
1	7,63

216	WBM 1.75sg 45-64micron 21%vol	1
100	33,5
79,4	29,9
63,1	26,8
50,1	24,1
39,8	21,7
31,6	19,7
25,1	18
20	16,4
15,8	15,1
12,6	13,9
10	12,8
7,94	11,9
6,31	11,1
5,01	10,4
3,98	9,72
3,16	9,14
2,51	8,61
2	8,14
1,58	7,7
1,26	7,3
1	6,93

217	WBM 1.75sg 45-64micron 19%vol	1
100	30,1
79,4	26,8
63,1	24,1
50,1	21,7
39,8	19,6
31,6	17,8
25,1	16,2
20	14,9
15,8	13,7
12,6	12,6
10	11,7
7,94	10,9
6,31	10,1
5,01	9,5
3,98	8,93
3,16	8,41
2,51	7,95
2	7,53
1,58	7,15
1,26	6,8
1	6,47

218	WBM 1.75sg 45-64micron 17%vol	1
100	27
79,4	24,1
63,1	21,7
50,1	19,5
39,8	17,7
31,6	16,1
25,1	14,7
20	13,5
15,8	12,4
12,6	11,5
10	10,6
7,94	9,91
6,31	9,26
5,01	8,69
3,98	8,18
3,16	7,72
2,51	7,31
2	6,94
1,58	6,61
1,26	6,29
1	6,01

219	WBM 1.75sg 45-64micron 15%vol	1
100	25,1
79,4	22,5
63,1	20,2
50,1	18,2
39,8	16,5
31,6	15
25,1	13,7
20	12,6
15,8	11,6
12,6	10,7
10	9,98
7,94	9,3
6,31	8,71
5,01	8,18
3,98	7,71
3,16	7,28
2,51	6,91
2	6,57
1,58	6,26
1,26	5,97
1	5,71

220	WBM 1.75sg 45-64micron 13%vol	1
100	23,2
79,4	20,7
63,1	18,7
50,1	16,9
39,8	15,3
31,6	13,9
25,1	12,8
20	11,7
15,8	10,8
12,6	10
10	9,31
7,94	8,69
6,31	8,14
5,01	7,65
3,98	7,22
3,16	6,83
2,51	6,48
2	6,17
1,58	5,89
1,26	5,63
1	5,39

221	WBM 1.75sg 45-64micron 11%vol	1
100	21,6
79,4	19,4
63,1	17,5
50,1	15,8
39,8	14,4
31,6	13,1
25,1	12
20	11
15,8	10,2
12,6	9,45
10	8,8
7,94	8,22
6,31	7,71
5,01	7,26
3,98	6,85
3,16	6,49
2,51	6,17
2	5,88
1,58	5,61
1,26	5,36
1	5,14

222	WBM 1.75sg 45-64micron 9%vol	1
100	20
79,4	18
63,1	16,2
50,1	14,7
39,8	13,4
31,6	12,2
25,1	11,2
20	10,3
15,8	9,54
12,6	8,86
10	8,26
7,94	7,73
6,31	7,25
5,01	6,84
3,98	6,46
3,16	6,13
2,51	5,83
2	5,56
1,58	5,31
1,26	5,08
1	4,87

223	WBM 1.75sg 45-64micron 7%vol	1
100	18,5
79,4	16,7
63,1	15,1
50,1	13,7
39,8	12,5
31,6	11,4
25,1	10,5
20	9,68
15,8	8,97
12,6	8,34
10	7,79
7,94	7,3
6,31	6,86
5,01	6,48
3,98	6,13
3,16	5,82
2,51	5,54
2	5,29
1,58	5,06
1,26	4,85
1	4,66

224	WBM 1.75sg 45-64micron 5%vol	1
100	17,3
79,4	15,6
63,1	14,1
50,1	12,9
39,8	11,7
31,6	10,8
25,1	9,92
20	9,17
15,8	8,51
12,6	7,92
10	7,41
7,94	6,95
6,31	6,55
5,01	6,19
3,98	5,87
3,16	5,57
2,51	5,31
2	5,08
1,58	4,86
1,26	4,66
1	4,48

225	WBM 1.75sg 45-64micron 3%vol	1
100	16,3
79,4	14,7
63,1	13,3
50,1	12,1
39,8	11,1
31,6	10,2
25,1	9,39
20	8,7
15,8	8,08
12,6	7,54
10	7,06
7,94	6,63
6,31	6,25
5,01	5,91
3,98	5,61
3,16	5,34
2,51	5,09
2	4,87
1,58	4,67
1,26	4,48
1	4,31

226	WBM 1.75sg 45-64micron 1%vol	1
100	15,3
79,4	13,8
63,1	12,6
50,1	11,5
39,8	10,5
31,6	9,65
25,1	8,92
20	8,27
15,8	7,7
12,6	7,19
10	6,74
7,94	6,35
6,31	5,99
5,01	5,67
3,98	5,39
3,16	5,13
2,51	4,9
2	4,69
1,58	4,5
1,26	4,32
1	4,16

227	WBM 1.75sg 45-64micron 0%vol	1
100	15
79,4	13,6
63,1	12,3
50,1	11,3
39,8	10,4
31,6	9,53
25,1	8,82
20	8,18
15,8	7,62
12,6	7,13
10	6,69
7,94	6,3
6,31	5,95
5,01	5,64
3,98	5,36
3,16	5,11
2,51	4,88
2	4,67
1,58	4,48
1,26	4,31
1	4,15

228	WBM unweighted 45-64micron 0%vol	1
100	8,15
79,4	7,62
63,1	7,14
50,1	6,72
39,8	6,35
31,6	6,01
25,1	5,7
20	5,42
15,8	5,17
12,6	4,94
10	4,73
7,94	4,53
6,31	4,35
5,01	4,18
3,98	4,02
3,16	3,87
2,51	3,73
2	3,6
1,58	3,47
1,26	3,35
1	3,23

229	WBM unweighted 45-64micron 23%vol	1
100	17,9
79,4	16,3
63,1	15
50,1	13,8
39,8	12,7
31,6	11,8
25,1	11
20	10,2
15,8	9,54
12,6	8,95
10	8,4
7,94	7,91
6,31	7,46
5,01	7,05
3,98	6,68
3,16	6,33
2,51	6,01
2	5,71
1,58	5,43
1,26	5,17
1	4,92

230	WBM unweighted 45-64micron 21%vol	1
100	15,9
79,4	14,6
63,1	13,4
50,1	12,4
39,8	11,5
31,6	10,6
25,1	9,92
20	9,27
15,8	8,68
12,6	8,16
10	7,68
7,94	7,25
6,31	6,85
5,01	6,49
3,98	6,16
3,16	5,85
2,51	5,57
2	5,3
1,58	5,06
1,26	4,82
1	4,6

231	WBM unweighted 45-64micron 19%vol	1
100	14,3
79,4	13,1
63,1	12,1
50,1	11,2
39,8	10,4
31,6	9,7
25,1	9,07
20	8,5
15,8	7,98
12,6	7,51
10	7,09
7,94	6,71
6,31	6,35
5,01	6,03
3,98	5,74
3,16	5,46
2,51	5,2
2	4,97
1,58	4,74
1,26	4,53
1	4,33

232	WBM unweighted 45-64micron 17%vol	1
100	13,1
79,4	12,1
63,1	11,2
50,1	10,4
39,8	9,68
31,6	9,04
25,1	8,47
20	7,95
15,8	7,48
12,6	7,06
10	6,68
7,94	6,33
6,31	6,01
5,01	5,72
3,98	5,45
3,16	5,19
2,51	4,96
2	4,74
1,58	4,53
1,26	4,34
1	4,15

233	WBM unweighted 45-64micron 15%vol	1
100	12,1
79,4	11,2
63,1	10,4
50,1	9,64
39,8	9
31,6	8,42
25,1	7,9
20	7,43
15,8	7,01
12,6	6,62
10	6,27
7,94	5,96
6,31	5,66
5,01	5,39
3,98	5,15
3,16	4,91
2,51	4,7
2	4,5
1,58	4,3
1,26	4,12
1	3,95

234	WBM unweighted 45-64micron 13%vol	1
100	11,2
79,4	10,3
63,1	9,58
50,1	8,93
39,8	8,35
31,6	7,83
25,1	7,36
20	6,94
15,8	6,55
12,6	6,2
10	5,89
7,94	5,6
6,31	5,33
5,01	5,08
3,98	4,86
3,16	4,64
2,51	4,44
2	4,26
1,58	4,08
1,26	3,91
1	3,75

235	WBM unweighted 45-64micron 11%vol	1
100	10,5
79,4	9,73
63,1	9,04
50,1	8,44
39,8	7,91
31,6	7,43
25,1	7
20	6,61
15,8	6,26
12,6	5,94
10	5,64
7,94	5,37
6,31	5,12
5,01	4,9
3,98	4,68
3,16	4,49
2,51	4,3
2	4,13
1,58	3,96
1,26	3,81
1	3,66

236	WBM unweighted 45-64micron 9%vol	1
100	9,84
79,4	9,12
63,1	8,48
50,1	7,93
39,8	7,44
31,6	7
25,1	6,6
20	6,24
15,8	5,92
12,6	5,62
10	5,35
7,94	5,11
6,31	4,88
5,01	4,66
3,98	4,47
3,16	4,28
2,51	4,11
2	3,95
1,58	3,79
1,26	3,65
1	3,51

237	WBM unweighted 45-64micron 7%vol	1
100	9,35
79,4	8,69
63,1	8,1
50,1	7,57
39,8	7,11
31,6	6,7
25,1	6,34
20	6
15,8	5,7
12,6	5,42
10	5,16
7,94	4,93
6,31	4,71
5,01	4,51
3,98	4,33
3,16	4,15
2,51	3,99
2	3,83
1,58	3,69
1,26	3,55
1	3,41

238	WBM unweighted 45-64micron 5%vol	1
100	8,85
79,4	8,23
63,1	7,68
50,1	7,2
39,8	6,77
31,6	6,39
25,1	6,05
20	5,73
15,8	5,45
12,6	5,19
10	4,95
7,94	4,73
6,31	4,53
5,01	4,34
3,98	4,16
3,16	4
2,51	3,84
2	3,7
1,58	3,56
1,26	3,43
1	3,3

239	WBM unweighted 45-64micron 3%vol	1
100	8,39
79,4	7,82
63,1	7,32
50,1	6,87
39,8	6,47
31,6	6,11
25,1	5,78
20	5,49
15,8	5,22
12,6	4,98
10	4,75
7,94	4,55
6,31	4,35
5,01	4,18
3,98	4,01
3,16	3,86
2,51	3,71
2	3,57
1,58	3,44
1,26	3,31
1	3,19

240	WBM unweighted 45-64micron 1%vol	1
100	8,17
79,4	7,62
63,1	7,14
50,1	6,7
39,8	6,32
31,6	5,97
25,1	5,66
20	5,38
15,8	5,12
12,6	4,88
10	4,67
7,94	4,47
6,31	4,28
5,01	4,11
3,98	3,95
3,16	3,8
2,51	3,66
2	3,53
1,58	3,4
1,26	3,27
1	3,15

241	WBM unweighted 45-64micron 0%vol	1
100	8,08
79,4	7,54
63,1	7,07
50,1	6,64
39,8	6,27
31,6	5,93
25,1	5,62
20	5,34
15,8	5,09
12,6	4,86
10	4,65
7,94	4,45
6,31	4,27
5,01	4,1
3,98	3,94
3,16	3,79
2,51	3,65
2	3,52
1,58	3,39
1,26	3,27
1	3,15

242	WBM 1.25sg 64-90micron 23%vol	1
100	21,5
79,4	19,6
63,1	17,9
50,1	16,4
39,8	15,1
31,6	13,9
25,1	12,9
20	12
15,8	11,2
12,6	10,4
10	9,77
7,94	9,19
6,31	8,66
5,01	8,18
3,98	7,74
3,16	7,34
2,51	6,98
2	6,64
1,58	6,33
1,26	6,04
1	5,77

243	WBM 1.25sg 64-90micron 21%vol	1
100	19,6
79,4	17,8
63,1	16,3
50,1	15
39,8	13,8
31,6	12,8
25,1	11,8
20	11
15,8	10,3
12,6	9,62
10	9,04
7,94	8,51
6,31	8,03
5,01	7,59
3,98	7,2
3,16	6,83
2,51	6,5
2	6,2
1,58	5,91
1,26	5,64
1	5,39

244	WBM 1.25sg 64-90micron 19%vol	1
100	17,5
79,4	16
63,1	14,6
50,1	13,5
39,8	12,4
31,6	11,5
25,1	10,7
20	9,99
15,8	9,35
12,6	8,77
10	8,25
7,94	7,78
6,31	7,36
5,01	6,97
3,98	6,62
3,16	6,29
2,51	5,99
2	5,72
1,58	5,46
1,26	5,22
1	5

245	WBM 1.25sg 64-90micron 17%vol	1
100	16
79,4	14,6
63,1	13,4
50,1	12,4
39,8	11,5
31,6	10,6
25,1	9,92
20	9,27
15,8	8,69
12,6	8,17
10	7,7
7,94	7,27
6,31	6,89
5,01	6,53
3,98	6,21
3,16	5,92
2,51	5,64
2	5,39
1,58	5,15
1,26	4,93
1	4,72

246	WBM 1.25sg 64-90micron 15%vol	1
100	14,5
79,4	13,3
63,1	12,3
50,1	11,4
39,8	10,5
31,6	9,81
25,1	9,16
20	8,58
15,8	8,06
12,6	7,59
10	7,17
7,94	6,79
6,31	6,44
5,01	6,12
3,98	5,83
3,16	5,55
2,51	5,3
2	5,07
1,58	4,86
1,26	4,65
1	4,46

247	WBM 1.25sg 64-90micron 13%vol	1
100	13,3
79,4	12,3
63,1	11,3
50,1	10,5
39,8	9,76
31,6	9,11
25,1	8,53
20	8,01
15,8	7,53
12,6	7,11
10	6,73
7,94	6,38
6,31	6,06
5,01	5,77
3,98	5,5
3,16	5,25
2,51	5,02
2	4,81
1,58	4,61
1,26	4,42
1	4,24

248	WBM 1.25sg 64-90micron 11%vol	1
100	12,3
79,4	11,3
63,1	10,5
50,1	9,76
39,8	9,1
31,6	8,51
25,1	7,98
20	7,5
15,8	7,08
12,6	6,69
10	6,34
7,94	6,02
6,31	5,73
5,01	5,46
3,98	5,21
3,16	4,98
2,51	4,77
2	4,57
1,58	4,38
1,26	4,21
1	4,04

249	WBM 1.25sg 64-90micron 9%vol	1
100	11,5
79,4	10,6
63,1	9,88
50,1	9,2
39,8	8,59
31,6	8,05
25,1	7,56
20	7,12
15,8	6,72
12,6	6,37
10	6,04
7,94	5,74
6,31	5,47
5,01	5,22
3,98	4,99
3,16	4,77
2,51	4,57
2	4,39
1,58	4,21
1,26	4,04
1	3,88

250	WBM 1.25sg 64-90micron 7%vol	1
100	10,9
79,4	10
63,1	9,32
50,1	8,69
39,8	8,14
31,6	7,64
25,1	7,2
20	6,79
15,8	6,42
12,6	6,09
10	5,78
7,94	5,5
6,31	5,25
5,01	5,01
3,98	4,8
3,16	4,59
2,51	4,4
2	4,23
1,58	4,06
1,26	3,9
1	3,75

251	WBM 1.25sg 64-90micron 5%vol	1
100	10,5
79,4	9,66
63,1	8,97
50,1	8,37
39,8	7,84
31,6	7,37
25,1	6,95
20	6,57
15,8	6,22
12,6	5,9
10	5,61
7,94	5,34
6,31	5,1
5,01	4,88
3,98	4,67
3,16	4,47
2,51	4,29
2	4,12
1,58	3,96
1,26	3,81
1	3,66

252	WBM 1.25sg 64-90micron 3%vol	1
100	9,84
79,4	9,11
63,1	8,47
50,1	7,91
39,8	7,41
31,6	6,97
25,1	6,57
20	6,21
15,8	5,89
12,6	5,6
10	5,33
7,94	5,08
6,31	4,86
5,01	4,65
3,98	4,46
3,16	4,27
2,51	4,1
2	3,95
1,58	3,8
1,26	3,65
1	3,52

253	WBM 1.25sg 64-90micron 1%vol	1
100	9,49
79,4	8,81
63,1	8,2
50,1	7,66
39,8	7,19
31,6	6,77
25,1	6,39
20	6,05
15,8	5,74
12,6	5,46
10	5,2
7,94	4,96
6,31	4,75
5,01	4,54
3,98	4,36
3,16	4,18
2,51	4,02
2	3,87
1,58	3,72
1,26	3,58
1	3,45

254	WBM 1.25sg 64-90micron 0%vol	1
100	9,32
79,4	8,66
63,1	8,07
50,1	7,55
39,8	7,09
31,6	6,68
25,1	6,31
20	5,98
15,8	5,67
12,6	5,4
10	5,15
7,94	4,92
6,31	4,7
5,01	4,5
3,98	4,32
3,16	4,15
2,51	3,99
2	3,84
1,58	3,69
1,26	3,56
1	3,42

255	WBM unweighted 64-90micron 0%vol	1
100	8,12
79,4	7,58
63,1	7,11
50,1	6,69
39,8	6,32
31,6	5,98
25,1	5,67
20	5,4
15,8	5,15
12,6	4,92
10	4,7
7,94	4,51
6,31	4,33
5,01	4,16
3,98	4
3,16	3,85
2,51	3,71
2	3,58
1,58	3,45
1,26	3,33
1	3,21

256	WBM 1.50sg 64-90micron 23%vol	1
100	26,7
79,4	24,1
63,1	21,7
50,1	19,7
39,8	18
31,6	16,4
25,1	15,1
20	13,9
15,8	12,9
12,6	11,9
10	11,1
7,94	10,4
6,31	9,7
5,01	9,11
3,98	8,58
3,16	8,1
2,51	7,66
2	7,27
1,58	6,9
1,26	6,56
1	6,24

257	WBM 1.50sg 64-90micron 21%vol	1
100	24,3
79,4	21,9
63,1	19,9
50,1	18
39,8	16,5
31,6	15,1
25,1	13,9
20	12,8
15,8	11,8
12,6	11
10	10,2
7,94	9,58
6,31	8,98
5,01	8,45
3,98	7,97
3,16	7,53
2,51	7,14
2	6,78
1,58	6,45
1,26	6,14
1	5,86

258	WBM 1.50sg 64-90micron 19%vol	1
100	22
79,4	19,9
63,1	18
50,1	16,4
39,8	15
31,6	13,7
25,1	12,7
20	11,7
15,8	10,8
12,6	10,1
10	9,42
7,94	8,82
6,31	8,29
5,01	7,8
3,98	7,37
3,16	6,98
2,51	6,62
2	6,3
1,58	6
1,26	5,72
1	5,46

259	WBM 1.50sg 64-90micron 17%vol	1
100	20,3
79,4	18,3
63,1	16,6
50,1	15,2
39,8	13,9
31,6	12,7
25,1	11,8
20	10,9
15,8	10,1
12,6	9,41
10	8,8
7,94	8,25
6,31	7,76
5,01	7,32
3,98	6,92
3,16	6,55
2,51	6,23
2	5,93
1,58	5,65
1,26	5,39
1	5,16

260	WBM 1.50sg 64-90micron 15%vol	1
100	18,6
79,4	16,8
63,1	15,3
50,1	14
39,8	12,8
31,6	11,8
25,1	10,9
20	10,1
15,8	9,4
12,6	8,77
10	8,21
7,94	7,71
6,31	7,26
5,01	6,86
3,98	6,49
3,16	6,16
2,51	5,85
2	5,58
1,58	5,32
1,26	5,09
1	4,87

261	WBM 1.50sg 64-90micron 13%vol	1
100	17,2
79,4	15,6
63,1	14,2
50,1	13
39,8	11,9
31,6	11
25,1	10,2
20	9,46
15,8	8,81
12,6	8,24
10	7,73
7,94	7,27
6,31	6,85
5,01	6,48
3,98	6,14
3,16	5,83
2,51	5,55
2	5,3
1,58	5,06
1,26	4,84
1	4,63

262	WBM 1.50sg 64-90micron 11%vol	1
100	16
79,4	14,6
63,1	13,3
50,1	12,2
39,8	11,2
31,6	10,4
25,1	9,61
20	8,93
15,8	8,34
12,6	7,81
10	7,33
7,94	6,9
6,31	6,52
5,01	6,17
3,98	5,86
3,16	5,57
2,51	5,3
2	5,07
1,58	4,84
1,26	4,63
1	4,44

263	WBM 1.50sg 64-90micron 9%vol	1
100	15
79,4	13,6
63,1	12,5
50,1	11,4
39,8	10,6
31,6	9,77
25,1	9,07
20	8,45
15,8	7,9
12,6	7,41
10	6,97
7,94	6,57
6,31	6,21
5,01	5,89
3,98	5,59
3,16	5,32
2,51	5,08
2	4,85
1,58	4,64
1,26	4,45
1	4,27

264	WBM 1.50sg 64-90micron 7%vol	1
100	13,9
79,4	12,7
63,1	11,7
50,1	10,7
39,8	9,92
31,6	9,2
25,1	8,56
20	7,99
15,8	7,48
12,6	7,02
10	6,61
7,94	6,25
6,31	5,91
5,01	5,61
3,98	5,34
3,16	5,08
2,51	4,85
2	4,64
1,58	4,44
1,26	4,26
1	4,09

265	WBM 1.50sg 64-90micron 5%vol	1
100	13
79,4	11,9
63,1	11
50,1	10,1
39,8	9,36
31,6	8,7
25,1	8,11
20	7,59
15,8	7,12
12,6	6,69
10	6,31
7,94	5,97
6,31	5,66
5,01	5,38
3,98	5,12
3,16	4,88
2,51	4,67
2	4,47
1,58	4,28
1,26	4,1
1	3,94

266	WBM 1.50sg 64-90micron 3%vol	1
100	12,3
79,4	11,3
63,1	10,4
50,1	9,62
39,8	8,92
31,6	8,3
25,1	7,75
20	7,26
15,8	6,82
12,6	6,43
10	6,07
7,94	5,75
6,31	5,45
5,01	5,18
3,98	4,94
3,16	4,72
2,51	4,51
2	4,32
1,58	4,14
1,26	3,98
1	3,82

267	WBM 1.50sg 64-90micron 1%vol	1
100	11,7
79,4	10,8
63,1	9,94
50,1	9,2
39,8	8,55
31,6	7,97
25,1	7,46
20	6,99
15,8	6,58
12,6	6,2
10	5,86
7,94	5,56
6,31	5,28
5,01	5,03
3,98	4,8
3,16	4,58
2,51	4,38
2	4,2
1,58	4,03
1,26	3,87
1	3,72

268	WBM 1.50sg 64-90micron 0%vol	1
100	11,6
79,4	10,6
63,1	9,8
50,1	9,09
39,8	8,45
31,6	7,89
25,1	7,38
20	6,93
15,8	6,52
12,6	6,16
10	5,82
7,94	5,52
6,31	5,25
5,01	5
3,98	4,77
3,16	4,56
2,51	4,37
2	4,19
1,58	4,02
1,26	3,86
1	3,71

269	WBM unweighted 64-90micron 0%vol	1
100	8,07
79,4	7,54
63,1	7,06
50,1	6,65
39,8	6,27
31,6	5,94
25,1	5,63
20	5,36
15,8	5,11
12,6	4,88
10	4,67
7,94	4,47
6,31	4,29
5,01	4,12
3,98	3,97
3,16	3,82
2,51	3,68
2	3,55
1,58	3,42
1,26	3,3
1	3,18

270	WBM 1.75sg 64-90micron 23%vol	1
100	34,5
79,4	30,8
63,1	27,6
50,1	24,8
39,8	22,4
31,6	20,3
25,1	18,5
20	16,9
15,8	15,5
12,6	14,3
10	13,2
7,94	12,2
6,31	11,3
5,01	10,6
3,98	9,9
3,16	9,28
2,51	8,72
2	8,22
1,58	7,76
1,26	7,33
1	6,94

271	WBM 1.75sg 64-90micron 21%vol	1
100	30,9
79,4	27,6
63,1	24,7
50,1	22,3
39,8	20,1
31,6	18,3
25,1	16,7
20	15,3
15,8	14
12,6	12,9
10	12
7,94	11,1
6,31	10,4
5,01	9,71
3,98	9,11
3,16	8,57
2,51	8,08
2	7,64
1,58	7,24
1,26	6,87
1	6,53

272	WBM 1.75sg 64-90micron 19%vol	1
100	29,1
79,4	26
63,1	23,3
50,1	21
39,8	19
31,6	17,3
25,1	15,8
20	14,5
15,8	13,3
12,6	12,3
10	11,4
7,94	10,6
6,31	9,9
5,01	9,28
3,98	8,73
3,16	8,23
2,51	7,78
2	7,38
1,58	7,01
1,26	6,68
1	6,37

273	WBM 1.75sg 64-90micron 17%vol	1
100	26,9
79,4	24,1
63,1	21,7
50,1	19,5
39,8	17,7
31,6	16,1
25,1	14,7
20	13,5
15,8	12,4
12,6	11,5
10	10,7
7,94	9,94
6,31	9,29
5,01	8,72
3,98	8,22
3,16	7,76
2,51	7,35
2	6,98
1,58	6,64
1,26	6,34
1	6,05

274	WBM 1.75sg 64-90micron 15%vol	1
100	24,7
79,4	22,2
63,1	19,9
50,1	18
39,8	16,3
31,6	14,9
25,1	13,6
20	12,5
15,8	11,5
12,6	10,6
10	9,9
7,94	9,23
6,31	8,64
5,01	8,12
3,98	7,66
3,16	7,24
2,51	6,87
2	6,53
1,58	6,22
1,26	5,94
1	5,69

275	WBM 1.75sg 64-90micron 13%vol	1
100	22,9
79,4	20,5
63,1	18,5
50,1	16,7
39,8	15,2
31,6	13,8
25,1	12,7
20	11,6
15,8	10,7
12,6	9,96
10	9,27
7,94	8,66
6,31	8,11
5,01	7,63
3,98	7,21
3,16	6,82
2,51	6,48
2	6,17
1,58	5,89
1,26	5,63
1	5,39

276	WBM 1.75sg 64-90micron 11%vol	1
100	21,5
79,4	19,3
63,1	17,4
50,1	15,8
39,8	14,3
31,6	13,1
25,1	12
20	11
15,8	10,2
12,6	9,46
10	8,81
7,94	8,24
6,31	7,73
5,01	7,28
3,98	6,87
3,16	6,51
2,51	6,19
2	5,89
1,58	5,63
1,26	5,38
1	5,16

277	WBM 1.75sg 64-90micron 9%vol	1
100	19,9
79,4	17,9
63,1	16,2
50,1	14,7
39,8	13,4
31,6	12,2
25,1	11,2
20	10,3
15,8	9,58
12,6	8,9
10	8,3
7,94	7,77
6,31	7,3
5,01	6,88
3,98	6,51
3,16	6,17
2,51	5,86
2	5,6
1,58	5,35
1,26	5,12
1	4,91

278	WBM 1.75sg 64-90micron 7%vol	1
100	18,4
79,4	16,6
63,1	15
50,1	13,6
39,8	12,4
31,6	11,4
25,1	10,5
20	9,67
15,8	8,96
12,6	8,34
10	7,8
7,94	7,31
6,31	6,88
5,01	6,49
3,98	6,15
3,16	5,84
2,51	5,56
2	5,31
1,58	5,08
1,26	4,87
1	4,68

279	WBM 1.75sg 64-90micron 5%vol	1
100	17,4
79,4	15,7
63,1	14,2
50,1	12,9
39,8	11,8
31,6	10,8
25,1	9,99
20	9,25
15,8	8,59
12,6	8
10	7,49
7,94	7,03
6,31	6,62
5,01	6,26
3,98	5,94
3,16	5,64
2,51	5,38
2	5,15
1,58	4,93
1,26	4,73
1	4,55

280	WBM 1.75sg 64-90micron 3%vol	1
100	16,3
79,4	14,7
63,1	13,4
50,1	12,2
39,8	11,2
31,6	10,3
25,1	9,48
20	8,78
15,8	8,17
12,6	7,63
10	7,14
7,94	6,72
6,31	6,33
5,01	5,99
3,98	5,69
3,16	5,41
2,51	5,16
2	4,94
1,58	4,73
1,26	4,54
1	4,36

281	WBM 1.75sg 64-90micron 1%vol	1
100	15,5
79,4	14
63,1	12,8
50,1	11,7
39,8	10,7
31,6	9,84
25,1	9,1
20	8,44
15,8	7,86
12,6	7,35
10	6,89
7,94	6,48
6,31	6,12
5,01	5,8
3,98	5,51
3,16	5,24
2,51	5
2	4,79
1,58	4,59
1,26	4,41
1	4,24

282	WBM 1.75sg 64-90micron 0%vol	1
100	15,3
79,4	13,9
63,1	12,7
50,1	11,6
39,8	10,6
31,6	9,81
25,1	9,08
20	8,43
15,8	7,86
12,6	7,35
10	6,9
7,94	6,5
6,31	6,14
5,01	5,81
3,98	5,53
3,16	5,26
2,51	5,03
2	4,81
1,58	4,61
1,26	4,43
1	4,26

283	WBM unweighted 64-90micron 0%vol	1
100	8,23
79,4	7,69
63,1	7,22
50,1	6,79
39,8	6,41
31,6	6,07
25,1	5,77
20	5,49
15,8	5,23
12,6	5
10	4,79
7,94	4,59
6,31	4,41
5,01	4,24
3,98	4,08
3,16	3,93
2,51	3,78
2	3,65
1,58	3,52
1,26	3,4
1	3,28

284	WBM unweighted 64-90micron 23%vol	1
100	17,7
79,4	16,2
63,1	14,9
50,1	13,7
39,8	12,7
31,6	11,8
25,1	10,9
20	10,2
15,8	9,57
12,6	8,98
10	8,45
7,94	7,97
6,31	7,53
5,01	7,12
3,98	6,76
3,16	6,41
2,51	6,09
2	5,8
1,58	5,52
1,26	5,26
1	5,01

285	WBM unweighted 64-90micron 21%vol	1
100	15,6
79,4	14,3
63,1	13,2
50,1	12,2
39,8	11,3
31,6	10,5
25,1	9,81
20	9,18
15,8	8,62
12,6	8,1
10	7,64
7,94	7,22
6,31	6,83
5,01	6,48
3,98	6,16
3,16	5,85
2,51	5,58
2	5,32
1,58	5,07
1,26	4,84
1	4,62

286	WBM unweighted 64-90micron 19%vol	1
100	14,2
79,4	13
63,1	12
50,1	11,2
39,8	10,4
31,6	9,67
25,1	9,04
20	8,48
15,8	7,98
12,6	7,52
10	7,11
7,94	6,73
6,31	6,38
5,01	6,07
3,98	5,77
3,16	5,5
2,51	5,25
2	5,01
1,58	4,79
1,26	4,58
1	4,38

287	WBM unweighted 64-90micron 17%vol	1
100	13
79,4	12
63,1	11,1
50,1	10,3
39,8	9,61
31,6	8,98
25,1	8,42
20	7,91
15,8	7,45
12,6	7,04
10	6,66
7,94	6,32
6,31	6
5,01	5,71
3,98	5,45
3,16	5,2
2,51	4,96
2	4,75
1,58	4,54
1,26	4,35
1	4,16

288	WBM unweighted 64-90micron 15%vol	1
100	11,9
79,4	11
63,1	10,2
50,1	9,51
39,8	8,88
31,6	8,32
25,1	7,81
20	7,36
15,8	6,95
12,6	6,57
10	6,23
7,94	5,92
6,31	5,64
5,01	5,38
3,98	5,13
3,16	4,9
2,51	4,69
2	4,49
1,58	4,31
1,26	4,13
1	3,96

289	WBM unweighted 64-90micron 13%vol	1
100	11,1
79,4	10,3
63,1	9,53
50,1	8,89
39,8	8,31
31,6	7,8
25,1	7,34
20	6,92
15,8	6,54
12,6	6,2
10	5,88
7,94	5,6
6,31	5,33
5,01	5,09
3,98	4,87
3,16	4,65
2,51	4,46
2	4,27
1,58	4,1
1,26	3,93
1	3,77

290	WBM unweighted 64-90micron 11%vol	1
100	10,3
79,4	9,56
63,1	8,88
50,1	8,3
39,8	7,78
31,6	7,32
25,1	6,89
20	6,51
15,8	6,17
12,6	5,85
10	5,57
7,94	5,3
6,31	5,06
5,01	4,83
3,98	4,63
3,16	4,43
2,51	4,24
2	4,07
1,58	3,91
1,26	3,75
1	3,6

291	WBM unweighted 64-90micron 9%vol	1
100	9,74
79,4	9,02
63,1	8,39
50,1	7,84
39,8	7,35
31,6	6,92
25,1	6,53
20	6,18
15,8	5,86
12,6	5,57
10	5,3
7,94	5,06
6,31	4,83
5,01	4,62
3,98	4,42
3,16	4,24
2,51	4,07
2	3,9
1,58	3,75
1,26	3,6
1	3,46

292	WBM unweighted 64-90micron 7%vol	1
100	9,58
79,4	8,89
63,1	8,27
50,1	7,74
39,8	7,26
31,6	6,84
25,1	6,45
20	6,11
15,8	5,8
12,6	5,51
10	5,26
7,94	5,02
6,31	4,79
5,01	4,59
3,98	4,4
3,16	4,22
2,51	4,05
2	3,89
1,58	3,74
1,26	3,59
1	3,45

293	WBM unweighted 64-90micron 5%vol	1
100	9,04
79,4	8,39
63,1	7,83
50,1	7,33
39,8	6,88
31,6	6,48
25,1	6,12
20	5,79
15,8	5,5
12,6	5,23
10	4,99
7,94	4,76
6,31	4,55
5,01	4,36
3,98	4,18
3,16	4,01
2,51	3,85
2	3,7
1,58	3,56
1,26	3,42
1	3,29

294	WBM unweighted 64-90micron 3%vol	1
100	8,45
79,4	7,87
63,1	7,36
50,1	6,91
39,8	6,51
31,6	6,15
25,1	5,82
20	5,53
15,8	5,26
12,6	5,01
10	4,79
7,94	4,58
6,31	4,39
5,01	4,22
3,98	4,05
3,16	3,9
2,51	3,75
2	3,61
1,58	3,48
1,26	3,35
1	3,23

295	WBM unweighted 64-90micron 1%vol	1
100	8,27
79,4	7,71
63,1	7,22
50,1	6,79
39,8	6,4
31,6	6,05
25,1	5,74
20	5,46
15,8	5,2
12,6	4,96
10	4,74
7,94	4,54
6,31	4,36
5,01	4,18
3,98	4,02
3,16	3,87
2,51	3,73
2	3,59
1,58	3,47
1,26	3,34
1	3,22

296	WBM unweighted 64-90micron 0%vol	1
100	8,07
79,4	7,54
63,1	7,07
50,1	6,65
39,8	6,27
31,6	5,94
25,1	5,63
20	5,36
15,8	5,11
12,6	4,88
10	4,67
7,94	4,47
6,31	4,29
5,01	4,12
3,98	3,97
3,16	3,82
2,51	3,68
2	3,55
1,58	3,42
1,26	3,3
1	3,19

297	WBM 1.25sg 90-125micron 23%vol	1
100	20,7
79,4	18,9
63,1	17,2
50,1	15,8
39,8	14,5
31,6	13,4
25,1	12,4
20	11,6
15,8	10,8
12,6	10,1
10	9,46
7,94	8,9
6,31	8,39
5,01	7,93
3,98	7,51
3,16	7,12
2,51	6,77
2	6,45
1,58	6,14
1,26	5,86
1	5,59

298	WBM 1.25sg 90-125micron 21%vol	1
100	18,8
79,4	17,2
63,1	15,7
50,1	14,4
39,8	13,3
31,6	12,3
25,1	11,4
20	10,6
15,8	9,93
12,6	9,3
10	8,74
7,94	8,23
6,31	7,77
5,01	7,36
3,98	6,98
3,16	6,62
2,51	6,3
2	6,01
1,58	5,73
1,26	5,47
1	5,23

299	WBM 1.25sg 90-125micron 19%vol	1
100	17
79,4	15,6
63,1	14,3
50,1	13,2
39,8	12,2
31,6	11,3
25,1	10,5
20	9,8
15,8	9,18
12,6	8,62
10	8,11
7,94	7,66
6,31	7,24
5,01	6,86
3,98	6,52
3,16	6,2
2,51	5,91
2	5,64
1,58	5,39
1,26	5,15
1	4,93

300	WBM 1.25sg 90-125micron 17%vol	1
100	15,6
79,4	14,3
63,1	13,1
50,1	12,1
39,8	11,2
31,6	10,4
25,1	9,74
20	9,11
15,8	8,54
12,6	8,04
10	7,58
7,94	7,16
6,31	6,79
5,01	6,44
3,98	6,13
3,16	5,84
2,51	5,57
2	5,32
1,58	5,09
1,26	4,86
1	4,66

301	WBM 1.25sg 90-125micron 15%vol	1
100	14,3
79,4	13,1
63,1	12,1
50,1	11,2
39,8	10,4
31,6	9,69
25,1	9,06
20	8,49
15,8	7,98
12,6	7,52
10	7,11
7,94	6,73
6,31	6,39
5,01	6,07
3,98	5,79
3,16	5,52
2,51	5,27
2	5,04
1,58	4,83
1,26	4,62
1	4,43

302	WBM 1.25sg 90-125micron 13%vol	1
100	13,1
79,4	12
63,1	11,1
50,1	10,3
39,8	9,6
31,6	8,97
25,1	8,4
20	7,89
15,8	7,43
12,6	7,02
10	6,65
7,94	6,31
6,31	6
5,01	5,71
3,98	5,45
3,16	5,2
2,51	4,97
2	4,77
1,58	4,57
1,26	4,38
1	4,2

303	WBM 1.25sg 90-125micron 11%vol	1
100	12,1
79,4	11,1
63,1	10,3
50,1	9,61
39,8	8,97
31,6	8,4
25,1	7,88
20	7,42
15,8	7
12,6	6,62
10	6,28
7,94	5,97
6,31	5,68
5,01	5,42
3,98	5,17
3,16	4,95
2,51	4,73
2	4,54
1,58	4,35
1,26	4,17
1	4,01

304	WBM 1.25sg 90-125micron 9%vol	1
100	11,4
79,4	10,5
63,1	9,76
50,1	9,1
39,8	8,51
31,6	7,98
25,1	7,5
20	7,07
15,8	6,68
12,6	6,32
10	6
7,94	5,71
6,31	5,44
5,01	5,19
3,98	4,96
3,16	4,75
2,51	4,55
2	4,36
1,58	4,19
1,26	4,02
1	3,86

305	WBM 1.25sg 90-125micron 7%vol	1
100	10,7
79,4	9,86
63,1	9,15
50,1	8,53
39,8	7,99
31,6	7,51
25,1	7,08
20	6,68
15,8	6,32
12,6	5,99
10	5,69
7,94	5,42
6,31	5,17
5,01	4,94
3,98	4,72
3,16	4,52
2,51	4,34
2	4,16
1,58	4
1,26	3,84
1	3,69

306	WBM 1.25sg 90-125micron 5%vol	1
100	10,3
79,4	9,53
63,1	8,84
50,1	8,25
39,8	7,72
31,6	7,25
25,1	6,84
20	6,47
15,8	6,12
12,6	5,81
10	5,53
7,94	5,27
6,31	5,03
5,01	4,81
3,98	4,61
3,16	4,41
2,51	4,23
2	4,07
1,58	3,91
1,26	3,76
1	3,61

307	WBM 1.25sg 90-125micron 3%vol	1
100	9,9
79,4	9,16
63,1	8,51
50,1	7,94
39,8	7,43
31,6	6,98
25,1	6,59
20	6,23
15,8	5,9
12,6	5,61
10	5,34
7,94	5,09
6,31	4,87
5,01	4,66
3,98	4,46
3,16	4,28
2,51	4,11
2	3,95
1,58	3,8
1,26	3,65
1	3,52

308	WBM 1.25sg 90-125micron 1%vol	1
100	9,69
79,4	8,98
63,1	8,36
50,1	7,82
39,8	7,34
31,6	6,91
25,1	6,53
20	6,18
15,8	5,87
12,6	5,59
10	5,32
7,94	5,08
6,31	4,85
5,01	4,63
3,98	4,45
3,16	4,28
2,51	4,12
2	3,96
1,58	3,81
1,26	3,66
1	3,53

309	WBM 1.25sg 90-125micron 0%vol	1
100	9,41
79,4	8,74
63,1	8,15
50,1	7,63
39,8	7,17
31,6	6,75
25,1	6,38
20	6,04
15,8	5,74
12,6	5,46
10	5,2
7,94	4,97
6,31	4,75
5,01	4,55
3,98	4,37
3,16	4,19
2,51	4,03
2	3,87
1,58	3,73
1,26	3,59
1	3,45

310	WBM unweighted 90-125micron 0%vol	1
100	8,16
79,4	7,63
63,1	7,15
50,1	6,72
39,8	6,34
31,6	6
25,1	5,7
20	5,42
15,8	5,16
12,6	4,93
10	4,72
7,94	4,52
6,31	4,33
5,01	4,16
3,98	4,01
3,16	3,85
2,51	3,71
2	3,58
1,58	3,45
1,26	3,32
1	3,21

311	WBM 1.50sg 90-125micron 23%vol	1
100	25
79,4	22,5
63,1	20,3
50,1	18,5
39,8	16,8
31,6	15,4
25,1	14,2
20	13,1
15,8	12,1
12,6	11,2
10	10,5
7,94	9,77
6,31	9,16
5,01	8,6
3,98	8,11
3,16	7,66
2,51	7,25
2	6,88
1,58	6,53
1,26	6,21
1	5,92

312	WBM 1.50sg 90-125micron 21%vol	1
100	22,8
79,4	20,5
63,1	18,6
50,1	16,9
39,8	15,4
31,6	14,2
25,1	13
20	12
15,8	11,1
12,6	10,4
10	9,67
7,94	9,04
6,31	8,49
5,01	7,99
3,98	7,54
3,16	7,13
2,51	6,76
2	6,42
1,58	6,11
1,26	5,81
1	5,54

313	WBM 1.50sg 90-125micron 19%vol	1
100	21,1
79,4	19,1
63,1	17,3
50,1	15,7
39,8	14,4
31,6	13,2
25,1	12,2
20	11,3
15,8	10,5
12,6	9,73
10	9,09
7,94	8,52
6,31	8
5,01	7,54
3,98	7,13
3,16	6,75
2,51	6,4
2	6,09
1,58	5,8
1,26	5,53
1	5,28

314	WBM 1.50sg 90-125micron 17%vol	1
100	19,6
79,4	17,7
63,1	16,1
50,1	14,7
39,8	13,4
31,6	12,3
25,1	11,4
20	10,5
15,8	9,8
12,6	9,14
10	8,55
7,94	8,02
6,31	7,54
5,01	7,11
3,98	6,73
3,16	6,38
2,51	6,06
2	5,77
1,58	5,5
1,26	5,25
1	5,02

315	WBM 1.50sg 90-125micron 15%vol	1
100	18,1
79,4	16,4
63,1	14,9
50,1	13,6
39,8	12,5
31,6	11,5
25,1	10,6
20	9,87
15,8	9,19
12,6	8,58
10	8,04
7,94	7,55
6,31	7,11
5,01	6,72
3,98	6,37
3,16	6,04
2,51	5,74
2	5,47
1,58	5,22
1,26	4,99
1	4,77

316	WBM 1.50sg 90-125micron 13%vol	1
100	16,6
79,4	15
63,1	13,7
50,1	12,6
39,8	11,6
31,6	10,7
25,1	9,88
20	9,18
15,8	8,56
12,6	8,01
10	7,51
7,94	7,07
6,31	6,67
5,01	6,31
3,98	5,99
3,16	5,69
2,51	5,42
2	5,17
1,58	4,94
1,26	4,72
1	4,52

317	WBM 1.50sg 90-125micron 11%vol	1
100	15,5
79,4	14,1
63,1	12,9
50,1	11,9
39,8	10,9
31,6	10,1
25,1	9,36
20	8,72
15,8	8,14
12,6	7,63
10	7,17
7,94	6,75
6,31	6,38
5,01	6,04
3,98	5,74
3,16	5,46
2,51	5,2
2	4,97
1,58	4,75
1,26	4,55
1	4,36

318	WBM 1.50sg 90-125micron 9%vol	1
100	14,4
79,4	13,2
63,1	12,1
50,1	11,1
39,8	10,2
31,6	9,48
25,1	8,82
20	8,22
15,8	7,7
12,6	7,22
10	6,8
7,94	6,42
6,31	6,07
5,01	5,76
3,98	5,47
3,16	5,21
2,51	4,97
2	4,75
1,58	4,55
1,26	4,36
1	4,18

319	WBM 1.50sg 90-125micron 7%vol	1
100	13,6
79,4	12,4
63,1	11,4
50,1	10,5
39,8	9,7
31,6	9
25,1	8,39
20	7,84
15,8	7,34
12,6	6,9
10	6,51
7,94	6,15
6,31	5,83
5,01	5,53
3,98	5,27
3,16	5,02
2,51	4,79
2	4,59
1,58	4,39
1,26	4,21
1	4,04

320	WBM 1.50sg 90-125micron 5%vol	1
100	13
79,4	11,9
63,1	10,9
50,1	10,1
39,8	9,35
31,6	8,7
25,1	8,11
20	7,59
15,8	7,12
12,6	6,7
10	6,32
7,94	5,98
6,31	5,67
5,01	5,39
3,98	5,13
3,16	4,89
2,51	4,67
2	4,47
1,58	4,29
1,26	4,11
1	3,95

321	WBM 1.50sg 90-125micron 3%vol	1
100	12,4
79,4	11,3
63,1	10,4
50,1	9,64
39,8	8,95
31,6	8,33
25,1	7,78
20	7,29
15,8	6,85
12,6	6,45
10	6,09
7,94	5,77
6,31	5,48
5,01	5,21
3,98	4,96
3,16	4,74
2,51	4,53
2	4,34
1,58	4,16
1,26	3,99
1	3,83

322	WBM 1.50sg 90-125micron 1%vol	1
100	11,8
79,4	10,8
63,1	10
50,1	9,26
39,8	8,61
31,6	8,03
25,1	7,51
20	7,04
15,8	6,62
12,6	6,24
10	5,9
7,94	5,6
6,31	5,32
5,01	5,06
3,98	4,83
3,16	4,61
2,51	4,41
2	4,23
1,58	4,06
1,26	3,9
1	3,75

323	WBM 1.50sg 90-125micron 0%vol	1
100	11,7
79,4	10,7
63,1	9,89
50,1	9,17
39,8	8,54
31,6	7,97
25,1	7,46
20	7
15,8	6,59
12,6	6,22
10	5,89
7,94	5,58
6,31	5,31
5,01	5,05
3,98	4,82
3,16	4,61
2,51	4,41
2	4,23
1,58	4,06
1,26	3,9
1	3,75

324	WBM unweighted 90-125micron 0%vol	1
100	8,1
79,4	7,57
63,1	7,09
50,1	6,67
39,8	6,3
31,6	5,96
25,1	5,66
20	5,38
15,8	5,13
12,6	4,9
10	4,69
7,94	4,49
6,31	4,31
5,01	4,14
3,98	3,99
3,16	3,84
2,51	3,7
2	3,57
1,58	3,44
1,26	3,32
1	3,2

325	WBM 1.75sg 90-125micron 23%vol	1
100	32,9
79,4	29,3
63,1	26,3
50,1	23,6
39,8	21,3
31,6	19,3
25,1	17,6
20	16,1
15,8	14,8
12,6	13,6
10	12,6
7,94	11,7
6,31	10,9
5,01	10,1
3,98	9,51
3,16	8,94
2,51	8,43
2	7,96
1,58	7,54
1,26	7,16
1	6,8

326	WBM 1.75sg 90-125micron 21%vol	1
100	29,9
79,4	26,7
63,1	23,9
50,1	21,5
39,8	19,4
31,6	17,6
25,1	16,1
20	14,7
15,8	13,5
12,6	12,4
10	11,5
7,94	10,7
6,31	9,99
5,01	9,35
3,98	8,78
3,16	8,27
2,51	7,81
2	7,4
1,58	7,02
1,26	6,68
1	6,36

327	WBM 1.75sg 90-125micron 19%vol	1
100	27,5
79,4	24,5
63,1	22
50,1	19,8
39,8	17,9
31,6	16,3
25,1	14,9
20	13,6
15,8	12,5
12,6	11,6
10	10,7
7,94	9,96
6,31	9,3
5,01	8,71
3,98	8,19
3,16	7,73
2,51	7,31
2	6,93
1,58	6,59
1,26	6,27
1	5,99

328	WBM 1.75sg 90-125micron 17%vol	1
100	25,7
79,4	23
63,1	20,6
50,1	18,6
39,8	16,8
31,6	15,3
25,1	14
20	12,8
15,8	11,8
12,6	10,9
10	10,1
7,94	9,4
6,31	8,78
5,01	8,24
3,98	7,76
3,16	7,32
2,51	6,93
2	6,58
1,58	6,26
1,26	5,97
1	5,7

329	WBM 1.75sg 90-125micron 15%vol	1
100	23,9
79,4	21,4
63,1	19,2
50,1	17,3
39,8	15,7
31,6	14,3
25,1	13,1
20	12
15,8	11,1
12,6	10,2
10	9,5
7,94	8,86
6,31	8,29
5,01	7,78
3,98	7,33
3,16	6,93
2,51	6,57
2	6,24
1,58	5,95
1,26	5,68
1	5,43

330	WBM 1.75sg 90-125micron 13%vol	1
100	22,4
79,4	20,1
63,1	18
50,1	16,3
39,8	14,8
31,6	13,5
25,1	12,3
20	11,3
15,8	10,5
12,6	9,69
10	9,01
7,94	8,41
6,31	7,88
5,01	7,4
3,98	6,99
3,16	6,61
2,51	6,27
2	5,97
1,58	5,69
1,26	5,43
1	5,2

331	WBM 1.75sg 90-125micron 11%vol	1
100	21,1
79,4	18,9
63,1	17
50,1	15,4
39,8	14
31,6	12,8
25,1	11,7
20	10,8
15,8	9,94
12,6	9,22
10	8,58
7,94	8,02
6,31	7,51
5,01	7,07
3,98	6,68
3,16	6,32
2,51	6
2	5,71
1,58	5,45
1,26	5,21
1	4,99

332	WBM 1.75sg 90-125micron 9%vol	1
100	19,8
79,4	17,8
63,1	16
50,1	14,5
39,8	13,2
31,6	12,1
25,1	11,1
20	10,2
15,8	9,45
12,6	8,77
10	8,18
7,94	7,65
6,31	7,18
5,01	6,76
3,98	6,39
3,16	6,06
2,51	5,76
2	5,49
1,58	5,24
1,26	5,01
1	4,81

333	WBM 1.75sg 90-125micron 7%vol	1
100	18,5
79,4	16,6
63,1	15
50,1	13,6
39,8	12,4
31,6	11,4
25,1	10,5
20	9,66
15,8	8,95
12,6	8,32
10	7,77
7,94	7,28
6,31	6,84
5,01	6,45
3,98	6,1
3,16	5,79
2,51	5,51
2	5,26
1,58	5,03
1,26	4,81
1	4,62

334	WBM 1.75sg 90-125micron 5%vol	1
100	17,3
79,4	15,6
63,1	14,1
50,1	12,8
39,8	11,7
31,6	10,7
25,1	9,89
20	9,14
15,8	8,49
12,6	7,91
10	7,39
7,94	6,94
6,31	6,53
5,01	6,17
3,98	5,84
3,16	5,55
2,51	5,29
2	5,05
1,58	4,83
1,26	4,63
1	4,45

335	WBM 1.75sg 90-125micron 3%vol	1
100	16,2
79,4	14,6
63,1	13,3
50,1	12,1
39,8	11,1
31,6	10,2
25,1	9,37
20	8,68
15,8	8,07
12,6	7,53
10	7,05
7,94	6,63
6,31	6,25
5,01	5,91
3,98	5,61
3,16	5,34
2,51	5,09
2	4,87
1,58	4,66
1,26	4,48
1	4,3

336	WBM 1.75sg 90-125micron 1%vol	1
100	15,4
79,4	13,9
63,1	12,7
50,1	11,5
39,8	10,6
31,6	9,74
25,1	9
20	8,35
15,8	7,78
12,6	7,27
10	6,81
7,94	6,41
6,31	6,05
5,01	5,73
3,98	5,45
3,16	5,18
2,51	4,95
2	4,74
1,58	4,54
1,26	4,36
1	4,2

337	WBM 1.75sg 90-125micron 0%vol	1
100	15,1
79,4	13,7
63,1	12,5
50,1	11,4
39,8	10,5
31,6	9,63
25,1	8,91
20	8,27
15,8	7,71
12,6	7,21
10	6,76
7,94	6,37
6,31	6,01
5,01	5,7
3,98	5,42
3,16	5,16
2,51	4,93
2	4,72
1,58	4,53
1,26	4,35
1	4,19

338	WBM unweighted 90-125micron 0%vol	1
100	8,15
79,4	7,61
63,1	7,14
50,1	6,71
39,8	6,33
31,6	5,99
25,1	5,69
20	5,41
15,8	5,16
12,6	4,92
10	4,71
7,94	4,51
6,31	4,33
5,01	4,16
3,98	4
3,16	3,85
2,51	3,71
2	3,58
1,58	3,45
1,26	3,33
1	3,21

339	WBM unweighted 90-125micron 25%vol	1
100	18,7
79,4	17,1
63,1	15,7
50,1	14,4
39,8	13,3
31,6	12,4
25,1	11,5
20	10,7
15,8	10
12,6	9,4
10	8,84
7,94	8,33
6,31	7,85
5,01	7,42
3,98	7,03
3,16	6,66
2,51	6,32
2	6
1,58	5,7
1,26	5,41
1	5,15

340	WBM unweighted 90-125micron 23%vol	1
100	17
79,4	15,6
63,1	14,3
50,1	13,2
39,8	12,2
31,6	11,4
25,1	10,6
20	9,89
15,8	9,26
12,6	8,7
10	8,2
7,94	7,74
6,31	7,31
5,01	6,92
3,98	6,57
3,16	6,24
2,51	5,93
2	5,65
1,58	5,37
1,26	5,12
1	4,88

341	WBM unweighted 90-125micron 21%vol	1
100	15,4
79,4	14,1
63,1	13
50,1	12
39,8	11,1
31,6	10,4
25,1	9,69
20	9,07
15,8	8,52
12,6	8,02
10	7,57
7,94	7,16
6,31	6,78
5,01	6,44
3,98	6,12
3,16	5,82
2,51	5,55
2	5,29
1,58	5,05
1,26	4,82
1	4,6

342	WBM unweighted 90-125micron 19%vol	1
100	13,8
79,4	12,7
63,1	11,7
50,1	10,9
39,8	10,1
31,6	9,44
25,1	8,84
20	8,3
15,8	7,82
12,6	7,38
10	6,98
7,94	6,62
6,31	6,28
5,01	5,97
3,98	5,69
3,16	5,42
2,51	5,18
2	4,95
1,58	4,73
1,26	4,52
1	4,32

343	WBM unweighted 90-125micron 17%vol	1
100	12,4
79,4	11,5
63,1	10,6
50,1	9,89
39,8	9,23
31,6	8,64
25,1	8,11
20	7,64
15,8	7,21
12,6	6,82
10	6,47
7,94	6,14
6,31	5,84
5,01	5,57
3,98	5,31
3,16	5,07
2,51	4,85
2	4,64
1,58	4,44
1,26	4,25
1	4,07

344	WBM unweighted 90-125micron 15%vol	1
100	11,5
79,4	10,7
63,1	9,9
50,1	9,22
39,8	8,62
31,6	8,08
25,1	7,61
20	7,17
15,8	6,78
12,6	6,43
10	6,1
7,94	5,81
6,31	5,53
5,01	5,28
3,98	5,04
3,16	4,82
2,51	4,61
2	4,42
1,58	4,23
1,26	4,06
1	3,89

345	WBM unweighted 90-125micron 13%vol	1
100	10,6
79,4	9,81
63,1	9,13
50,1	8,53
39,8	7,99
31,6	7,51
25,1	7,08
20	6,69
15,8	6,34
12,6	6,02
10	5,72
7,94	5,45
6,31	5,2
5,01	4,97
3,98	4,76
3,16	4,55
2,51	4,36
2	4,19
1,58	4,02
1,26	3,86
1	3,7

346	WBM unweighted 90-125micron 11%vol	1
100	9,97
79,4	9,23
63,1	8,6
50,1	8,04
39,8	7,54
31,6	7,1
25,1	6,7
20	6,34
15,8	6,01
12,6	5,71
10	5,44
7,94	5,19
6,31	4,95
5,01	4,74
3,98	4,54
3,16	4,35
2,51	4,17
2	4,01
1,58	3,85
1,26	3,69
1	3,55

347	WBM unweighted 90-125micron 9%vol	1
100	9,49
79,4	8,79
63,1	8,18
50,1	7,65
39,8	7,19
31,6	6,78
25,1	6,4
20	6,06
15,8	5,75
12,6	5,47
10	5,21
7,94	4,97
6,31	4,75
5,01	4,55
3,98	4,36
3,16	4,18
2,51	4,01
2	3,85
1,58	3,7
1,26	3,56
1	3,42

348	WBM unweighted 90-125micron 7%vol	1
100	9,09
79,4	8,43
63,1	7,85
50,1	7,34
39,8	6,9
31,6	6,51
25,1	6,15
20	5,84
15,8	5,55
12,6	5,28
10	5,04
7,94	4,82
6,31	4,62
5,01	4,43
3,98	4,25
3,16	4,08
2,51	3,92
2	3,78
1,58	3,64
1,26	3,5
1	3,37

349	WBM unweighted 90-125micron 5%vol	1
100	8,75
79,4	8,14
63,1	7,6
50,1	7,12
39,8	6,7
31,6	6,33
25,1	5,99
20	5,69
15,8	5,41
12,6	5,16
10	4,93
7,94	4,72
6,31	4,52
5,01	4,34
3,98	4,17
3,16	4,01
2,51	3,86
2	3,71
1,58	3,58
1,26	3,45
1	3,32

350	WBM unweighted 90-125micron 3%vol	1
100	8,47
79,4	7,89
63,1	7,38
50,1	6,93
39,8	6,53
31,6	6,17
25,1	5,84
20	5,55
15,8	5,28
12,6	5,04
10	4,81
7,94	4,61
6,31	4,42
5,01	4,24
3,98	4,08
3,16	3,92
2,51	3,77
2	3,63
1,58	3,5
1,26	3,37
1	3,25

351	WBM unweighted 90-125micron 1%vol	1
100	8,21
79,4	7,65
63,1	7,16
50,1	6,73
39,8	6,34
31,6	6
25,1	5,69
20	5,4
15,8	5,15
12,6	4,91
10	4,7
7,94	4,5
6,31	4,31
5,01	4,14
3,98	3,98
3,16	3,83
2,51	3,69
2	3,56
1,58	3,43
1,26	3,3
1	3,19

352	WBM unweighted 90-125micron 0%vol	1
100	8,04
79,4	7,51
63,1	7,04
50,1	6,63
39,8	6,25
31,6	5,92
25,1	5,62
20	5,34
15,8	5,1
12,6	4,87
10	4,66
7,94	4,46
6,31	4,29
5,01	4,12
3,98	3,96
3,16	3,82
2,51	3,68
2	3,55
1,58	3,42
1,26	3,3
1	3,19

17	KCl Xan 1.50sg 10degC	1
316	19,47
251	17,492
199	15,847
158	14,394
126	13,124
99,9	12,013
79,4	11,038
63,1	10,17
50,1	9,4071
39,8	8,7284
31,6	8,1142
25,1	7,5575
19,9	7,0675
15,8	6,6215
12,6	6,2228
10	5,8683
7,94	5,5473
6,31	5,2364
5,01	4,9612
3,98	4,7729
3,16	4,4867
2,51	4,2797
1,99	4,1323
1,58	3,9052
1,26	3,7365
1	3,5801

18	KCl Xan 1.50sg 20degC	1
316	17,225
251	15,542
199	14,098
158	12,835
126	11,739
99,9	10,772
79,4	9,9311
63,1	9,1788
50,1	8,5067
39,8	7,9107
31,6	7,3805
25,1	6,9026
19,9	6,4714
15,8	6,0822
12,6	5,7304
10	5,4119
7,94	5,1215
6,31	4,856
5,01	4,6115
3,98	4,3899
3,16	4,181
2,51	3,9903
1,99	3,8132
1,58	3,6446
1,26	3,4867
1	3,3393

19	KCl Xan 1.50sg 30degC	1
316	15,43
251	13,943
199	12,678
158	11,58
126	10,628
99,9	9,7869
79,4	9,0512
63,1	8,394
50,1	7,8066
39,8	7,2785
31,6	6,8059
25,1	6,3824
19,9	5,9996
15,8	5,652
12,6	5,3362
10	5,0486
7,94	4,7855
6,31	4,5414
5,01	4,3173
3,98	4,114
3,16	3,9165
2,51	3,7358
1,99	3,5709
1,58	3,403
1,26	3,2513
1	3,105

20	KCl Xan 1.50sg 40degC	1
316	14,061
251	12,744
199	11,62
158	10,643
126	9,8
99,9	9,0524
79,4	8,3951
63,1	7,8047
50,1	7,2761
39,8	6,7994
31,6	6,3707
25,1	5,9833
19,9	5,6315
15,8	5,3103
12,6	5,0166
10	4,7472
7,94	4,499
6,31	4,2667
5,01	4,0496
3,98	3,851
3,16	3,6568
2,51	3,4776
1,99	3,3086
1,58	3,1409
1,26	2,9818
1	2,8299

21	KCl Xan 1.50sg 50degC	1
316	12,973
251	11,782
199	10,779
158	9,9028
126	9,1425
99,9	8,4664
79,4	7,8701
63,1	7,3276
50,1	6,8368
39,8	6,3981
31,6	6,0017
25,1	5,6407
19,9	5,3091
15,8	5,0038
12,6	4,7213
10	4,4602
7,94	4,2163
6,31	3,9859
5,01	3,7683
3,98	3,5698
3,16	3,3685
2,51	3,1842
1,99	3,0078
1,58	2,8342
1,26	2,6703
1	2,51

22	KCl Xan 1.50sg 60degC	1
316	12,072
251	10,982
199	10,048
158	9,2528
126	8,5568
99,9	7,9391
79,4	7,3886
63,1	6,8854
50,1	6,4295
39,8	6,0171
31,6	5,6433
25,1	5,2916
19,9	4,9715
15,8	4,6781
12,6	4,4029
10	4,1401
7,94	3,897
6,31	3,6777
5,01	3,4385
3,98	3,22
3,16	3,0214
2,51	2,9007
1,99	2,6353
1,58	2,518
1,26	2,315
1	2,1304

23	KCl Xan 1.50sg 70degC	1
316	11,262
251	10,271
199	9,42
158	8,6853
126	8,0385
99,9	7,4574
79,4	6,9414
63,1	6,4674
50,1	6,0356
39,8	5,6389
31,6	5,2739
25,1	4,9365
19,9	4,6219
15,8	4,3272
12,6	4,05
10	3,7891
7,94	3,5424
6,31	3,307
5,01	3,0826
3,98	2,8727
3,16	2,6682
2,51	2,4774
1,99	2,2951
1,58	2,1201
1,26	1,9533
1	1,7972

24	KCl Xan 1.50sg 80degC	1
316	10,745
251	9,7948
199	8,9867
158	8,2819
126	7,6656
99,9	7,1075
79,4	6,6064
63,1	6,1441
50,1	5,719
39,8	5,3279
31,6	4,9657
25,1	4,6304
19,9	4,3165
15,8	4,0239
12,6	3,7448
10	3,471
7,94	3,2216
6,31	2,9842
5,01	2,7621
3,98	2,5493
3,16	2,3519
2,51	2,1712
1,99	2,0065
1,58	1,8766
1,26	1,6823
1	1,5144

25	Versatec 1.37sg 10degC	1
316	33,16
251	28,038
199	23,863
158	20,429
126	17,598
99,9	15,25
79,4	13,298
63,1	11,664
50,1	10,292
39,8	9,1328
31,6	8,1477
25,1	7,3079
19,9	6,5878
15,8	5,9677
12,6	5,4318
10	4,9672
7,94	4,5639
6,31	4,2086
5,01	3,8974
3,98	3,6294
3,16	3,3837
2,51	3,1716
1,99	2,9859
1,58	2,8146
1,26	2,6578
1	2,5196

26	Versatec 1.37sg 20degC	1
316	25,783
251	21,919
199	18,745
158	16,122
126	13,949
99,9	12,134
79,4	10,617
63,1	9,3414
50,1	8,2668
39,8	7,3552
31,6	6,5789
25,1	5,916
19,9	5,3455
15,8	4,8514
12,6	4,4228
10	4,0526
7,94	3,7294
6,31	3,4419
5,01	3,1883
3,98	2,976
3,16	2,7706
2,51	2,5985
1,99	2,4491
1,58	2,3005
1,26	2,1715
1	2,0577

27	Versatec 1.37sg 30degC	1
316	21,05
251	18,006
199	15,491
158	13,411
126	11,685
99,9	10,24
79,4	9,0279
63,1	8,0034
50,1	7,138
39,8	6,4018
31,6	5,7717
25,1	5,2302
19,9	4,7617
15,8	4,3546
12,6	4
10	3,6904
7,94	3,4188
6,31	3,1781
5,01	2,9645
3,98	2,7778
3,16	2,607
2,51	2,4576
1,99	2,3232
1,58	2,1994
1,26	2,0875
1	1,9866

28	Versatec 1.37sg 40degC	1
316	17,972
251	15,493
199	13,439
158	11,73
126	10,316
99,9	9,1217
79,4	8,1156
63,1	7,2604
50,1	6,5353
39,8	5,9095
31,6	5,3743
25,1	4,914
19,9	4,5129
15,8	4,156
12,6	3,8344
10	3,5762
7,94	3,3399
6,31	3,1174
5,01	2,947
3,98	2,8225
3,16	2,6592
2,51	2,4619
1,99	2,3735
1,58	2,2144
1,26	2,231
1	2,02

29	Versatec 1.37sg 50degC	1
316	15,983
251	13,886
199	12,141
158	10,679
126	9,4622
99,9	8,429
79,4	7,5556
63,1	6,8067
50,1	6,1653
39,8	5,6128
31,6	5,1348
25,1	4,7191
19,9	4,3559
15,8	4,0382
12,6	3,7603
10	3,5141
7,94	3,2972
6,31	3,1039
5,01	2,9318
3,98	2,7797
3,16	2,6406
2,51	2,5159
1,99	2,404
1,58	2,3
1,26	2,2041
1	2,1151

30	Versatec 1.37sg 60degC	1
316	14,754
251	12,905
199	11,357
158	10,054
126	8,9672
99,9	8,0389
79,4	7,2479
63,1	6,5664
50,1	5,9814
39,8	5,4749
31,6	5,0344
25,1	4,6522
19,9	4,3181
15,8	4,0212
12,6	3,7605
10	3,5339
7,94	3,3319
6,31	3,1456
5,01	2,9796
3,98	2,8448
3,16	2,7021
2,51	2,5831
1,99	2,4857
1,58	2,3734
1,26	2,2792
1	2,1926

31	Versatec 1.37sg 70degC	1
316	14,116
251	12,429
199	11,008
158	9,811
126	8,8071
99,9	7,9457
79,4	7,2109
63,1	6,5753
50,1	6,0282
39,8	5,5528
31,6	5,1391
25,1	4,7778
19,9	4,4605
15,8	4,1783
12,6	3,9399
10	3,7138
7,94	3,5194
6,31	3,3459
5,01	3,194
3,98	3,0499
3,16	2,9275
2,51	2,8048
1,99	2,6989
1,58	2,5989
1,26	2,5159
1	2,4179

32	Versatec 1.37sg 80degC	1
316	13,553
251	12,024
199	10,733
158	9,6403
126	8,7203
99,9	7,9279
79,4	7,2505
63,1	6,6623
50,1	6,1548
39,8	5,7119
31,6	5,3251
25,1	4,9866
19,9	4,6882
15,8	4,4243
12,6	4,1903
10	3,983
7,94	3,7977
6,31	3,6299
5,01	3,4774
3,98	3,3432
3,16	3,2146
2,51	3,101
1,99	2,9946
1,58	2,8917
1,26	2,7957
1	2,7059

33	Versatec unweighted 10degC	1
316	18,784
251	15,834
199	13,44
158	11,477
126	9,8663
99,9	8,5302
79,4	7,4206
63,1	6,4892
50,1	5,7053
39,8	5,0402
31,6	4,4736
25,1	3,9884
19,9	3,5709
15,8	3,2103
12,6	2,898
10	2,6268
7,94	2,3908
6,31	2,1838
5,01	2,0021
3,98	1,845
3,16	1,7034
2,51	1,581
1,99	1,4727
1,58	1,3746
1,26	1,2876
1	1,2104

34	Versatec unweighted 20degC	1
316	14,888
251	12,593
199	10,716
158	9,1716
126	7,8989
99,9	6,8366
79,4	5,9506
63,1	5,2032
50,1	4,5722
39,8	4,0355
31,6	3,5778
25,1	3,1855
19,9	2,847
15,8	2,5551
12,6	2,3026
10	2,0834
7,94	1,8928
6,31	1,7255
5,01	1,5791
3,98	1,4524
3,16	1,3385
2,51	1,2397
1,99	1,1518
1,58	1,0723
1,26	1,0026
1	0,94019

35	Versatec unweighted 30degC	1
316	12,378
251	10,547
199	9,0629
158	7,8219
126	6,7888
99,9	5,9309
79,4	5,2145
63,1	4,6044
50,1	4,081
39,8	3,6361
31,6	3,2563
25,1	2,9292
19,9	2,6453
15,8	2,3991
12,6	2,185
10	1,9978
7,94	1,8342
6,31	1,6905
5,01	1,5645
3,98	1,4531
3,16	1,3545
2,51	1,2667
1,99	1,1891
1,58	1,1192
1,26	1,0569
1	1,0002

36	Versatec unweighted 40degC	1
316	10,655
251	9,1485
199	7,9122
158	6,8868
126	6,0343
99,9	5,3134
79,4	4,7055
63,1	4,1856
50,1	3,7413
39,8	3,3607
31,6	3,031
25,1	2,7452
19,9	2,4974
15,8	2,2822
12,6	2,0946
10	1,9297
7,94	1,7871
6,31	1,6636
5,01	1,5445
3,98	1,4439
3,16	1,3561
2,51	1,289
1,99	1,2084
1,58	1,145
1,26	1,0874
1	1,0418

37	Versatec unweighted 50degC	1
316	9,6367
251	8,3449
199	7,2781
158	6,3863
126	5,6689
99,9	4,988
79,4	4,4467
63,1	3,9816
50,1	3,5811
39,8	3,2345
31,6	2,935
25,1	2,6759
19,9	2,4485
15,8	2,2507
12,6	2,0772
10	1,925
7,94	1,7914
6,31	1,6731
5,01	1,5691
3,98	1,477
3,16	1,3932
2,51	1,3197
1,99	1,2537
1,58	1,1922
1,26	1,1378
1	1,0876

38	Versatec unweighted 60degC	1
316	8,9423
251	7,7842
199	6,8226
158	6,0161
126	5,3343
99,9	4,75
79,4	4,2528
63,1	3,8213
50,1	3,4499
39,8	3,1285
31,6	2,8503
25,1	2,6084
19,9	2,3963
15,8	2,2112
12,6	2,0497
10	1,9062
7,94	1,78
6,31	1,668
5,01	1,5703
3,98	1,4811
3,16	1,4003
2,51	1,3298
1,99	1,3077
1,58	1,2067
1,26	1,1524
1	1,103

39	Versatec unweighted 70degC	1
316	8,6354
251	7,5635
199	6,6673
158	5,9115
126	5,2728
99,9	4,7225
79,4	4,2526
63,1	3,8455
50,1	3,4947
39,8	3,1903
31,6	2,926
25,1	2,6963
19,9	2,4944
15,8	2,3174
12,6	2,162
10	2,0253
7,94	1,905
6,31	1,7967
5,01	1,6998
3,98	1,6163
3,16	1,537
2,51	1,4687
1,99	1,4062
1,58	1,3471
1,26	1,2931
1	1,244

40	Versatec unweighted 80degC	1
316	8,3018
251	7,3215
199	6,4985
158	5,8037
126	5,2165
99,9	4,7076
79,4	4,2742
63,1	3,897
50,1	3,5718
39,8	3,289
31,6	3,0431
25,1	2,829
19,9	2,6403
15,8	2,4749
12,6	2,3288
10	2,1992
7,94	2,0842
6,31	1,982
5,01	1,8912
3,98	1,8083
3,16	1,7324
2,51	1,6645
1,99	1,603
1,58	1,544
1,26	1,4928
1	1,4407

41	KCl/polymer unweighted 10degC	1
316	12,623
251	11,489
199	10,513
158	9,6677
126	8,929
99,9	8,276
79,4	7,7006
63,1	7,1892
50,1	6,7334
39,8	6,3256
31,6	5,9645
25,1	5,6365
19,9	5,3435
15,8	5,0788
12,6	4,8357
10	4,6177
7,94	4,4034
6,31	4,2345
5,01	4,0615
3,98	3,882
3,16	3,7337
2,51	3,7845
1,99	3,4575
1,58	3,3283
1,26	3,2087
1	3,1062

42	KCl/polymer unweighted 20degC	1
316	11,464
251	10,481
199	9,6248
158	8,8816
126	8,2373
99,9	7,6662
79,4	7,1621
63,1	6,712
50,1	6,3111
39,8	5,9521
31,6	5,6289
25,1	5,336
19,9	5,0711
15,8	4,829
12,6	4,6077
10	4,4051
7,94	4,2166
6,31	4,0428
5,01	3,8789
3,98	3,728
3,16	3,5824
2,51	3,4493
1,99	3,3215
1,58	3,1972
1,26	3,0783
1	2,972

43	KCl/polymer unweighted 30degC	1
316	10,571
251	9,6989
199	8,9446
158	8,2859
126	7,712
99,9	7,1999
79,4	6,7484
63,1	6,344
50,1	5,9832
39,8	5,6573
31,6	5,3625
25,1	5,0943
19,9	4,8486
15,8	4,6234
12,6	4,416
10	4,2234
7,94	4,0454
6,31	3,877
5,01	3,7205
3,98	3,5737
3,16	3,4313
2,51	3,2956
1,99	3,1686
1,58	3,0436
1,26	2,9207
1	2,8012

44	KCl/polymer unweighted 40degC	1
316	9,8755
251	9,0936
199	8,4084
158	7,8095
126	7,2895
99,9	6,8266
79,4	6,417
63,1	6,0478
50,1	5,715
39,8	5,4126
31,6	5,137
25,1	4,8842
19,9	4,652
15,8	4,4354
12,6	4,2345
10	4,047
7,94	3,8712
6,31	3,7028
5,01	3,5421
3,98	3,3938
3,16	3,2428
2,51	3,1026
1,99	2,9697
1,58	2,8321
1,26	2,6968
1	2,569

45	KCl/polymer unweighted 50degC	1
316	9,345
251	8,6231
199	7,9924
158	7,4436
126	6,9627
99,9	6,5325
79,4	6,1532
63,1	5,8048
50,1	5,4903
39,8	5,1967
31,6	4,9345
25,1	4,6862
19,9	4,4533
15,8	4,2383
12,6	4,0362
10	3,8404
7,94	3,668
6,31	3,4832
5,01	3,3183
3,98	3,1491
3,16	2,9956
2,51	2,8262
1,99	2,674
1,58	2,552
1,26	2,3774
1	2,241

46	KCl/polymer unweighted 60degC	1
316	8,8842
251	8,2161
199	7,6282
158	7,115
126	6,6626
99,9	6,2604
79,4	5,8996
63,1	5,567
50,1	5,2566
39,8	4,9704
31,6	4,7081
25,1	4,4613
19,9	4,2228
15,8	4,0026
12,6	3,7909
10	3,571
7,94	3,3773
6,31	3,1838
5,01	3,034
3,98	2,8227
3,16	2,6699
2,51	2,4767
1,99	2,3143
1,58	2,2157
1,26	2,0098
1	1,8505

47	KCl/polymer unweighted 70degC	1
316	8,5247
251	7,896
199	7,3305
158	6,8257
126	6,3843
99,9	5,984
79,4	5,6254
63,1	5,2926
50,1	4,9821
39,8	4,6926
31,6	4,4205
25,1	4,1616
19,9	3,9153
15,8	3,6785
12,6	3,4517
10	3,2332
7,94	3,0236
6,31	2,8202
5,01	2,6233
3,98	2,438
3,16	2,2535
2,51	2,0796
1,99	1,9149
1,58	1,7538
1,26	1,5992
1	1,456

48	KCl/polymer unweighted 80degC	1
316	8,3083
251	7,6758
199	7,1138
158	6,6139
126	6,1774
99,9	5,7796
79,4	5,4178
63,1	5,0783
50,1	4,7605
39,8	4,4595
31,6	4,1737
25,1	3,902
19,9	3,6419
15,8	3,3931
12,6	3,156
10	2,9299
7,94	2,713
6,31	2,5048
5,01	2,3081
3,98	2,1236
3,16	1,9495
2,51	1,7802
1,99	1,6179
1,58	1,4633
1,26	1,3229
1	1,1894

1	Bentonite NaCl Unweighted 10degC	1
341	19,684
218	15,606
139	12,453
88,8	10,166
56,7	8,421
36,2	7,0868
23,1	6,0627
14,8	5,2574
9,42	4,5924
6,02	4,0723
3,84	3,6397
2,45	3,2964
1,57	2,9467
1	2,7223

2	Bentonite NaCl Unweighted 20degC	1
341	16,964
218	13,466
139	10,873
88,8	8,9564
56,7	7,5042
36,2	6,3776
23,1	5,4846
14,8	4,7797
9,42	4,1966
6,02	3,7223
3,84	3,3289
2,45	3,0071
1,57	2,7299
1	2,4606

3	Bentonite NaCl Unweighted 30degC	1
341	14,973
218	11,951
139	9,7459
88,8	8,1144
56,7	6,852
36,2	5,8806
23,1	5,1039
14,8	4,4696
9,42	3,9656
6,02	3,5298
3,84	3,1495
2,45	2,8514
1,57	2,5638
1	2,3233

4	Bentonite NaCl Unweighted 40degC	1
341	13,315
218	10,681
139	8,7558
88,8	7,3302
56,7	6,2402
36,2	5,3762
23,1	4,6822
14,8	4,1136
9,42	3,6377
6,02	3,2425
3,84	2,8992
2,45	2,593
1,57	2,3261
1	2,0961

5	Bentonite NaCl Unweighted 50degC	1
341	12,367
218	9,9654
139	8,2342
88,8	6,9656
56,7	5,9742
36,2	5,1789
23,1	4,5342
14,8	3,9962
9,42	3,5365
6,02	3,1433
3,84	2,8341
2,45	2,5245
1,57	2,3247
1	2,1102

6	Bentonite NaCl Unweighted 60degC	1
341	12,942
218	10,755
139	9,153
88,8	8,0136
56,7	6,9618
36,2	5,8355
23,1	5,8355
14,8	5,3428
9,42	4,9286
6,02	4,633
3,84	3,8644
2,45	3,245
1,57	2,7865
1	2,6722

7	Bentonite NaCl Unweighted 70degC	1
341	12,265
218	10,568
139	8,6859
88,8	7,4972
56,7	6,4034
36,2	5,6267
23,1	5,1266
14,8	4,7207
9,42	4,1863
6,02	3,7092
3,84	3,3194
2,45	3,1007
1,57	2,7097
1	2,2654

8	Bentonite NaCl Unweighted 80degC	1
341	14,162
218	10,873
139	8,7232
88,8	7,5345
56,7	6,6239
36,2	5,859
23,1	5,2579
14,8	4,6436
9,42	4,152
6,02	3,7475
3,84	3,3932
2,45	3,0926
1,57	2,8516
1	2,6781

9	Bentonite NaCl Unweighted 10degC	1
341	34,182
218	28,062
139	23,205
88,8	19,648
56,7	16,92
36,2	14,805
23,1	13,108
14,8	11,759
9,42	10,683
6,02	9,8233
3,84	9,1315
2,45	8,5791
1,57	8,0777
1	7,6748

10	Bentonite NaCl Unweighted 20degC	1
341	29,058
218	24,159
139	20,384
88,8	17,601
56,7	15,45
36,2	13,773
23,1	12,431
14,8	11,363
9,42	10,51
6,02	9,8232
3,84	9,2664
2,45	8,8072
1,57	8,4155
1	8,0702

11	Bentonite NaCl Unweighted 30degC	1
341	26,515
218	22,339
139	19,075
88,8	16,603
56,7	14,754
36,2	13,291
23,1	12,119
14,8	11,183
9,42	10,427
6,02	9,8082
3,84	9,3021
2,45	8,847
1,57	8,4505
1	8,0832

12	Bentonite NaCl Unweighted 40degC	1
341	24,054
218	20,496
139	17,808
88,8	15,769
56,7	14,155
36,2	12,854
23,1	11,814
14,8	10,973
9,42	10,279
6,02	9,6991
3,84	9,1984
2,45	8,7457
1,57	8,3381
1	7,9498

13	Bentonite NaCl Unweighted 50degC	1
341	23,09
218	19,87
139	17,472
88,8	15,579
56,7	14,056
36,2	12,841
23,1	11,852
14,8	11,032
9,42	10,336
6,02	9,7383
3,84	9,2067
2,45	8,7278
1,57	8,2818
1	7,8655

14	Bentonite NaCl Unweighted 60degC	1
341	22,381
218	19,45
139	17,302
88,8	15,544
56,7	14,09
36,2	12,904
23,1	11,915
14,8	11,077
9,42	10,345
6,02	9,6999
3,84	9,1228
2,45	8,5931
1,57	8,1126
1	7,66

15	Bentonite NaCl Unweighted 70degC	1
341	21,972
218	19,359
139	17,277
88,8	15,592
56,7	14,197
36,2	13,019
23,1	12,028
14,8	11,167
9,42	10,405
6,02	9,7413
3,84	9,1468
2,45	8,6161
1,57	8,1106
1	7,6917

16	Bentonite NaCl Unweighted 80degC	1
341	22,457
218	20,063
139	17,913
88,8	17,333
56,7	15,994
36,2	14,015
23,1	12,484
14,8	11,494
9,42	10,733
6,02	9,8859
3,84	9,1642
2,45	9,0078
1,57	8,4369
1	8,1737

353	Halliburton222167 50dC 1bar	1
1010	25,7
795	22,7
623	19,2
495	16,8
394	14,8
314	13
250	11,4
199	10,1
158	8,88
126	7,85
99,8	6,97
79,3	6,22
63	5,58
50,1	5,05
39,8	4,6
31,6	4,23
25,1	3,91
19,9	3,64
15,8	3,42
12,6	3,24
10	3,08
7,94	2,94
6,31	2,82
5,01	2,71
3,98	2,61
3,16	2,51
2,51	2,42
2	2,33
1,58	2,24

354	Halliburton222167 50dC 50bar	1
1010	26,7
795	23,5
623	20
495	17,5
394	15,4
314	13,5
250	11,9
199	10,5
158	9,2
126	8,12
99,8	7,19
79,3	6,39
63	5,71
50,1	5,14
39,8	4,66
31,6	4,26
25,1	3,92
19,9	3,63
15,8	3,4
12,6	3,19
10	3,03
7,94	2,89
6,31	2,76
5,01	2,65
3,98	2,55
3,16	2,45
2,51	2,37
2	2,27
1,58	2,19

355	Halliburton222167 75dC 100bar	1
1010	19,8
795	17,1
623	14,3
495	12,4
394	10,9
314	9,59
250	8,44
199	7,47
158	6,64
126	5,94
99,8	5,35
79,3	4,86
63	4,44
50,1	4,08
39,8	3,78
31,6	3,51
25,1	3,29
19,9	3,09
15,8	2,91
12,6	2,75
10	2,6
7,94	2,46
6,31	2,32
5,01	2,19
3,98	2,07
3,16	1,93
2,51	1,81
2	1,68
1,58	1,51

356	Halliburton222169 50dC 1bar	1
1010	18,4
795	15,7
623	13,7
495	12,1
394	10,8
314	9,59
250	8,6
199	7,79
158	7,05
126	6,43
99,8	5,92
79,3	5,47
63	5,06
50,1	4,68
39,8	4,34
31,6	4,04
25,1	3,79
19,9	3,51
15,8	3,31
12,6	3,05
10	2,81
7,94	2,64
6,31	2,45
5,01	2,28
3,98	2,15
3,16	2,01
2,51	1,83
2	1,72
1,58	1,6

357	Halliburton222166 50dC 200bar	1
1010	16,7
795	13,8
623	11,8
495	10,1
394	8,73
314	7,55
250	6,55
199	5,69
158	4,95
126	4,3
99,8	3,74
79,3	3,24
63	2,82
50,1	2,43
39,8	2,13
31,6	1,83
25,1	1,6
19,9	1,41
15,8	1,24
12,6	1,11
10	1
7,94	0,925
6,31	0,849
5,01	0,804
3,98	0,778
3,16	0,751
2,51	0,744
2	0,75
1,58	0,748

358	Halliburton222167 50dC 100bar	1
1010	27,2
795	24
623	20,3
495	17,8
394	15,6
314	13,7
250	12,1
199	10,6
158	9,3
126	8,19
99,8	7,23
79,3	6,42
63	5,72
50,1	5,14
39,8	4,64
31,6	4,23
25,1	3,88
19,9	3,59
15,8	3,35
12,6	3,14
10	2,98
7,94	2,83
6,31	2,71
5,01	2,6
3,98	2,5
3,16	2,41
2,51	2,32
2	2,24

359	Halliburton222167 50dC 150bar #1	1
1010	27,8
795	24,4
623	20,6
495	18,1
394	15,9
314	13,9
250	12,2
199	10,7
158	9,41
126	8,27
99,8	7,3
79,3	6,46
63	5,75
50,1	5,15
39,8	4,65
31,6	4,22
25,1	3,87
19,9	3,58
15,8	3,33
12,6	3,12
10	2,94
7,94	2,81
6,31	2,68
5,01	2,58
3,98	2,47
3,16	2,41
2,51	2,32
2	2,22

360	Halliburton222167 75dC 1bar	1
1010	18,4
795	16
623	13,4
495	11,7
394	10,3
314	9,18
250	8,13
199	7,27
158	6,57
126	5,94
99,8	5,46
79,3	4,99
63	4,65
50,1	4,3
39,8	4,03
31,6	3,82
25,1	3,58
19,9	3,39
15,8	3,21
12,6	3,07
10	2,89
7,94	2,72
6,31	2,62
5,01	2,43
3,98	2,33
3,16	2,13
2,51	1,99
2	1,87

361	Halliburton222167 75dC 50bar	1
1010	19,3
795	16,7
623	13,9
495	12,2
394	10,7
314	9,4
250	8,33
199	7,37
158	6,58
126	5,91
99,8	5,38
79,3	4,87
63	4,47
50,1	4,13
39,8	3,84
31,6	3,62
25,1	3,36
19,9	3,18
15,8	3,01
12,6	2,83
10	2,72
7,94	2,53
6,31	2,39
5,01	2,26
3,98	2,13
3,16	2
2,51	1,85
2	1,72

362	Halliburton222167 75dC 150bar	1
1010	20,3
795	17,5
623	14,6
495	12,7
394	11,1
314	9,75
250	8,61
199	7,55
158	6,72
126	6
99,8	5,37
79,3	4,94
63	4,42
50,1	4,1
39,8	3,74
31,6	3,47
25,1	3,24
19,9	3,04
15,8	2,86
12,6	2,69
10	2,56
7,94	2,4
6,31	2,26
5,01	2,19
3,98	2,06
3,16	1,89
2,51	1,77
2	1,64

363	Halliburton222167 75dC 200bar	1
1010	20,9
795	18
623	15,1
495	13,1
394	11,5
314	9,99
250	8,77
199	7,72
158	6,84
126	6,09
99,8	5,47
79,3	4,93
63	4,47
50,1	4,09
39,8	3,76
31,6	3,49
25,1	3,25
19,9	3,05
15,8	2,87
12,6	2,7
10	2,55
7,94	2,4
6,31	2,27
5,01	2,14
3,98	2,01
3,16	1,89
2,51	1,77
2	1,65

364	Halliburton222169 25dC 50bar	1
1010	24
795	20,3
623	17,6
495	15,3
394	13,4
314	11,8
250	10,5
199	9,42
158	8,47
126	7,67
99,8	6,98
79,3	6,37
63	5,91
50,1	5,46
39,8	5,04
31,6	4,71
25,1	4,36
19,9	4,07
15,8	3,81
12,6	3,55
10	3,28
7,94	3,06
6,31	2,82
5,01	2,64
3,98	2,51
3,16	2,32
2,51	2,18
2	2,05

365	Halliburton222169 25dC 100bar	1
1010	25,3
795	21,5
623	18,6
495	16,2
394	14,3
314	12,6
250	11,2
199	9,99
158	9
126	8,16
99,8	7,39
79,3	6,75
63	6,21
50,1	5,71
39,8	5,28
31,6	4,94
25,1	4,58
19,9	4,27
15,8	3,92
12,6	3,63
10	3,41
7,94	3,12
6,31	2,93
5,01	2,72
3,98	2,54
3,16	2,38
2,51	2,23
2	2,12

366	Halliburton222169 25dC 150bar	1
1010	25,4
795	21,4
623	18,6
495	16,2
394	14,2
314	12,5
250	11,1
199	9,94
158	9,03
126	8,12
99,8	7,39
79,3	6,82
63	6,27
50,1	5,76
39,8	5,36
31,6	4,91
25,1	4,6
19,9	4,28
15,8	3,96
12,6	3,67
10	3,43
7,94	3,14
6,31	2,94
5,01	2,75
3,98	2,55
3,16	2,46
2,51	2,26
2	2,12

367	Halliburton222169 25dC 200bar	1
1010	25,9
795	22
623	19
495	16,6
394	14,5
314	12,8
250	11,4
199	10,3
158	9,22
126	8,35
99,8	7,61
79,3	6,92
63	6,36
50,1	5,92
39,8	5,46
31,6	5,02
25,1	4,69
19,9	4,33
15,8	4,03
12,6	3,76
10	3,49
7,94	3,2
6,31	3,01
5,01	2,76
3,98	2,61
3,16	2,49
2,51	2,28
2	2,14

368	Halliburton222169 50dC 50bar	1
1010	19,3
795	16,4
623	14,4
495	12,7
394	11,3
314	10,1
250	9,04
199	8,15
158	7,41
126	6,78
99,8	6,18
79,3	5,71
63	5,3
50,1	4,84
39,8	4,55
31,6	4,18
25,1	3,88
19,9	3,66
15,8	3,39
12,6	3,14
10	2,96
7,94	2,68
6,31	2,51
5,01	2,35
3,98	2,22
3,16	2,04
2,51	1,89
2	1,78

369	Halliburton222169 50dC 100bar	1
1010	19,3
795	16,4
623	14,4
495	12,7
394	11,3
314	10,1
250	9,03
199	8,23
158	7,42
126	6,79
99,8	6,17
79,3	5,68
63	5,29
50,1	4,83
39,8	4,51
31,6	4,19
25,1	3,92
19,9	3,64
15,8	3,37
12,6	3,16
10	2,89
7,94	2,69
6,31	2,5
5,01	2,33
3,98	2,17
3,16	2,02
2,51	1,9
2	1,79

370	Halliburton222169 50dC 150bar	1
1010	19,8
795	16,8
623	14,8
495	13
394	11,5
314	10,3
250	9,2
199	8,3
158	7,52
126	6,85
99,8	6,27
79,3	5,76
63	5,31
50,1	4,91
39,8	4,56
31,6	4,25
25,1	3,97
19,9	3,68
15,8	3,42
12,6	3,16
10	2,94
7,94	2,74
6,31	2,53
5,01	2,36
3,98	2,2
3,16	2,06
2,51	1,91
2	1,79

371	Halliburton222169 50dC 200bar	1
1010	20,3
795	17,3
623	15,1
495	13,3
394	11,8
314	10,5
250	9,43
199	8,5
158	7,7
126	7,01
99,8	6,42
79,3	5,92
63	5,43
50,1	5,04
39,8	4,65
31,6	4,32
25,1	4,03
19,9	3,75
15,8	3,47
12,6	3,24
10	2,98
7,94	2,78
6,31	2,58
5,01	2,43
3,98	2,28
3,16	2,09
2,51	1,98
2	1,84

372	Halliburton222169 75dC 1bar	1
1010	15,8
795	13,6
623	12
495	10,6
394	9,52
314	8,54
250	7,7
199	7
158	6,38
126	5,87
99,8	5,38
79,3	4,99
63	4,64
50,1	4,28
39,8	4
31,6	3,67
25,1	3,39
19,9	3,15
15,8	2,9
12,6	2,68
10	2,48
7,94	2,29
6,31	2,13
5,01	1,98
3,98	1,83
3,16	1,71
2,51	1,57
2	1,46

373	Halliburton222169 75dC 100bar	1
1010	16,1
795	13,8
623	12,2
495	10,8
394	9,69
314	8,68
250	7,83
199	7,1
158	6,47
126	5,92
99,8	5,44
79,3	5,03
63	4,65
50,1	4,31
39,8	4,02
31,6	3,71
25,1	3,43
19,9	3,17
15,8	2,93
12,6	2,71
10	2,51
7,94	2,33
6,31	2,16
5,01	2,01
3,98	1,86
3,16	1,73
2,51	1,61
2	1,49

374	Halliburton222169 75dC 150bar	1
1010	16,2
795	13,8
623	12,2
495	10,9
394	9,72
314	8,71
250	7,86
199	7,13
158	6,5
126	5,95
99,8	5,46
79,3	5,03
63	4,64
50,1	4,3
39,8	3,99
31,6	3,7
25,1	3,42
19,9	3,16
15,8	2,92
12,6	2,71
10	2,51
7,94	2,35
6,31	2,17
5,01	2,01
3,98	1,85
3,16	1,72
2,51	1,59
2	1,47

375	Halliburton222169 75dC 200bar	1
1010	16,7
795	14,2
623	12,6
495	11,2
394	9,95
314	8,91
250	8,04
199	7,28
158	6,63
126	6,06
99,8	5,56
79,3	5,12
63	4,73
50,1	4,38
39,8	4,07
31,6	3,78
25,1	3,49
19,9	3,22
15,8	2,98
12,6	2,76
10	2,55
7,94	2,36
6,31	2,19
5,01	2,03
3,98	1,89
3,16	1,75
2,51	1,62
2	1,51

376	Halliburton222167 25dC 100bar	1
1010	26,4
795	21,8
623	18,3
495	15,6
394	13,3
314	11,4
250	9,78
199	8,44
158	7,31
126	6,35
99,8	5,53
79,3	4,84
63	4,25
50,1	3,75
39,8	3,33
31,6	2,96
25,1	2,66
19,9	2,4
15,8	2,18
12,6	1,98
10	1,82
7,94	1,67
6,31	1,55
5,01	1,44
3,98	1,35
3,16	1,27
2,51	1,2
2	1,14

377	Halliburton222167 50dC 100bar	1
1010	25,6
795	21,6
623	18,6
495	16
394	13,9
314	12
250	10,5
199	9,12
158	7,98
126	7,03
99,8	6,24
79,3	5,57
63	5,01
50,1	4,55
39,8	4,15
31,6	3,83
25,1	3,55
19,9	3,31
15,8	3,12
12,6	2,95
10	2,8
7,94	2,68
6,31	2,57
5,01	2,47
3,98	2,38
3,16	2,29
2,51	2,21
2	2,13

378	Halliburton222167 50dC 150bar #2	1
1010	27,2
795	23,7
623	20,1
495	17,6
394	15,4
314	13,5
250	11,9
199	10,4
158	9,13
126	7,99
99,8	7,04
79,3	6,22
63	5,53
50,1	4,95
39,8	4,52
31,6	4,05
25,1	3,72
19,9	3,46
15,8	3,19
12,6	3,07
10	2,82
7,94	2,71
6,31	2,57
5,01	2,47
3,98	2,38
3,16	2,29
2,51	2,21

379	Halliburton222167 50dC 200bar	1
1010	27,9
795	24,2
623	20,6
495	18
394	15,8
314	13,8
250	12,1
199	10,6
158	9,29
126	8,15
99,8	7,17
79,3	6,38
63	5,62
50,1	5,03
39,8	4,52
31,6	4,1
25,1	3,75
19,9	3,45
15,8	3,21
12,6	3,01
10	2,84
7,94	2,69
6,31	2,57
5,01	2,47
3,98	2,37
3,16	2,3
2,51	2,21

380	Halliburton223391 50dC 100bar	1
1010	35,3
795	28,8
623	24
495	20,2
394	17
314	14,3
250	12,2
199	10,4
158	8,9
126	7,66
99,8	6,64
79,3	5,8
63	5,09
50,1	4,5
39,8	4,01
31,6	3,6
25,1	3,25
19,9	2,97
15,8	2,72
12,6	2,52
10	2,36
7,94	2,22
6,31	2,11
5,01	2,02
3,98	1,95
3,16	1,88
2,51	1,84

381	Halliburton223389 75dC 150bar	1
1010	18,1
795	15,3
623	13,2
495	11,4
394	9,87
314	8,59
250	7,49
199	6,54
158	5,74
126	5,06
99,8	4,48
79,3	3,99
63	3,59
50,1	3,26
39,8	2,98
31,6	2,75
25,1	2,58
19,9	2,41
15,8	2,27
12,6	2,15
10	2,05
7,94	1,95
6,31	1,86
5,01	1,78
3,98	1,69
3,16	1,6
2,51	1,51

382	Halliburton222176 25dC 1bar	1
1010	50,9
795	43
623	36,6
495	31,3
394	26,8
314	22,9
250	19,6
199	16,8
158	14,4
126	12,3
99,8	10,6
79,3	9,01
63	7,72
50,1	6,59
39,8	5,62
31,6	4,8
25,1	4,09
19,9	3,48
15,8	2,96
12,6	2,51
10	2,12
7,94	1,85
6,31	1,53
5,01	1,3
3,98	1,1

383	Halliburton222176 25dC 150bar	1
1010	51,8
795	43,7
623	37,3
495	31,8
394	27,2
314	23,3
250	20
199	17,1
158	14,6
126	12,5
99,8	10,7
79,3	9,2
63	7,88
50,1	6,75
39,8	5,74
31,6	4,92
25,1	4,2
19,9	3,57
15,8	3,03
12,6	2,59
10	2,2
7,94	1,86
6,31	1,6
5,01	1,34
3,98	1,13

384	Halliburton222176 25dC 200bar	1
1010	51,6
795	43,6
623	37,2
495	31,8
394	27,2
314	23,3
250	19,9
199	17,1
158	14,6
126	12,5
99,8	10,7
79,3	9,19
63	7,87
50,1	6,73
39,8	5,75
31,6	4,91
25,1	4,19
19,9	3,57
15,8	3,04
12,6	2,57
10	2,2
7,94	1,86
6,31	1,58
5,01	1,37
3,98	1,14

400	Larisa Bentonite recipe 2 BT	0
1021,38	54,9
510,69	45,4
340,46	43,1
170,23	38
102,14	36,2
51,07	33,5
34,04	31,1
17,02	18
10,21	16,1
5,11	13,7
3,4	13,1


